-9.999999999999535927e-01 0.000000000000000000e+00
-1.039702277326880697e+00 7.876267908406564544e-04
-1.639267331426099483e+00 2.362938466979978142e-02
-2.238832385525318269e+00 4.647114254875890638e-02
-2.838397439624536833e+00 6.931290042771802440e-02
-3.437962493723755841e+00 9.215465830667715630e-02
-4.037527547822974405e+00 1.149964161856362743e-01
-4.637092601922192969e+00 1.378381740645953923e-01
-5.236657656021412421e+00 1.606799319435545381e-01
-5.836222710120630985e+00 1.835216898225136561e-01
-6.435787764219848661e+00 2.063634477014727464e-01
-7.035352818319067225e+00 2.292052055804318644e-01
-7.634917872418285789e+00 2.520469634593909825e-01
-8.234482926517504353e+00 2.748887213383500727e-01
-8.834047980616722029e+00 2.977304792173091630e-01
-9.433613034715939705e+00 3.205722370962683088e-01
-1.003317808881515916e+01 3.434139949752273990e-01
-1.063274314291437861e+01 3.662557528541864893e-01
-1.123230819701359451e+01 3.890975107331456351e-01
-1.183187325111281396e+01 4.119392686121047253e-01
-1.243143830521203341e+01 4.347810264910638156e-01
-1.303100335931124931e+01 4.576227843700229614e-01
-1.363056841341046876e+01 4.804645422489820517e-01
-1.423013346750968822e+01 5.033063001279411974e-01
-1.482969852160890412e+01 5.261480580069002322e-01
-1.542926357570812357e+01 5.489898158858593780e-01
-1.602882862980734302e+01 5.718315737648185237e-01
-1.662839368390655892e+01 5.946733316437775585e-01
-1.722795873800578192e+01 6.175150895227367043e-01
-1.782752379210500138e+01 6.403568474016959611e-01
-1.842708884620422083e+01 6.631986052806551069e-01
-1.902665390030344028e+01 6.860403631596142526e-01
-1.962621895440265973e+01 7.088821210385735094e-01
-2.022578400850188274e+01 7.317238789175326552e-01
-2.082534906260110219e+01 7.545656367964918010e-01
-2.142491411670032164e+01 7.774073946754509468e-01
-2.202447917079954109e+01 8.002491525544102036e-01
-2.262404422489876055e+01 8.230909104333693493e-01
-2.322360927899798000e+01 8.459326683123284951e-01
-2.382317433309720300e+01 8.687744261912876409e-01
-2.442273938719642246e+01 8.916161840702468977e-01
-2.502230444129564191e+01 9.144579419492060435e-01
-2.562186949539486136e+01 9.372996998281651893e-01
-2.622143454949408081e+01 9.601414577071243350e-01
-2.682099960359330382e+01 9.829832155860835918e-01
-2.742056465769252327e+01 1.005824973465042627e+00
-2.802012971179174272e+01 1.028666731344001883e+00
-2.861969476589096217e+01 1.051508489222961140e+00
-2.921925981999018163e+01 1.074350247101920175e+00
-2.981882487408940108e+01 1.097192004980879432e+00
-3.041838992818862408e+01 1.120033762859838689e+00
-3.046571621036072486e+01 1.121836762336368309e+00
-3.102923489960315351e+01 1.304653605940014671e+00
-3.141352582591077436e+01 1.755536956029965845e+00
-3.150560007467866086e+01 2.333599939942359924e+00
-3.150560007467866441e+01 2.333599939942359924e+00
-3.151328683211769643e+01 2.636541217230952139e+00
-3.161185727252472333e+01 3.228389059398147243e+00
-3.171042771293174667e+01 3.820236901565342791e+00
-3.180899815333877356e+01 4.412084743732537895e+00
-3.190756859374579690e+01 5.003932585899732999e+00
-3.200613903415282380e+01 5.595780428066928103e+00
-3.210470947455984714e+01 6.187628270234123207e+00
-3.220327991496687048e+01 6.779476112401319199e+00
-3.230185035537390092e+01 7.371323954568513415e+00
-3.240042079578092427e+01 7.963171796735709407e+00
-3.249899123618794761e+01 8.555019638902903623e+00
-3.259756167659497095e+01 9.146867481070097838e+00
-3.269613211700200139e+01 9.738715323237293831e+00
-3.279470255740902473e+01 1.033056316540448805e+01
-3.289327299781604808e+01 1.092241100757168226e+01
-3.290479673628494339e+01 1.099160314791671489e+01
-3.291680007651448392e+01 1.105279995128512383e+01
-3.291680007651448392e+01 1.105279995128512383e+01
-3.294129412905088117e+01 1.136349089287512903e+01
-3.290232913005757354e+01 1.196222433010195729e+01
-3.286336413106427301e+01 1.256095776732878555e+01
-3.282439913207096538e+01 1.315969120455561203e+01
-3.278543413307766485e+01 1.375842464178244029e+01
-3.274646913408435722e+01 1.435715807900926855e+01
-3.270750413509105670e+01 1.495589151623609681e+01
-3.266853913609774906e+01 1.555462495346292506e+01
-3.262957413710444854e+01 1.615335839068975332e+01
-3.259060913811114091e+01 1.675209182791657980e+01
-3.255164413911784038e+01 1.735082526514340628e+01
-3.251267914012453275e+01 1.794955870237023277e+01
-3.247371414113123222e+01 1.854829213959706280e+01
-3.243474914213792459e+01 1.914702557682388928e+01
-3.239578414314462407e+01 1.974575901405071932e+01
-3.235681914415131644e+01 2.034449245127754580e+01
-3.231785414515801591e+01 2.094322588850437228e+01
-3.227888914616470828e+01 2.154195932573119876e+01
-3.223992414717140775e+01 2.214069276295802524e+01
-3.220095914817810012e+01 2.273942620018485528e+01
-3.216199414918479960e+01 2.333815963741168176e+01
-3.212302915019149196e+01 2.393689307463851179e+01
-3.208406415119819144e+01 2.453562651186533827e+01
-3.204509915220488381e+01 2.513435994909216475e+01
-3.200613415321158328e+01 2.573309338631899124e+01
-3.196716915421827920e+01 2.633182682354581772e+01
-3.192820415522497512e+01 2.693056026077264775e+01
-3.188923915623167105e+01 2.752929369799947779e+01
-3.185027415723836697e+01 2.812802713522630427e+01
-3.181130915824505934e+01 2.872676057245313785e+01
-3.177234415925175526e+01 2.932549400967996434e+01
-3.173337916025845118e+01 2.992422744690679082e+01
-3.169441416126514710e+01 3.052296088413362440e+01
-3.165544916227184302e+01 3.112169432136045089e+01
-3.161648416327853894e+01 3.172042775858728447e+01
-3.157751916428523487e+01 3.231916119581411095e+01
-3.153855416529193079e+01 3.291789463304093744e+01
-3.153493827203923416e+01 3.297345619474416623e+01
-3.133702594084828874e+01 3.353185213007434839e+01
-3.087596633360153220e+01 3.390387276121753501e+01
-3.028835598718820776e+01 3.397930082110718786e+01
-2.974828418876069236e+01 3.373578949904191404e+01
-2.964080007225275182e+01 3.363199998065829277e+01
-2.964080007225275537e+01 3.363199998065829277e+01
-2.913916695349272601e+01 3.331681824642581091e+01
-2.882041586365518882e+01 3.327287677650288344e+01
-2.822045461184367809e+01 3.327969559786463094e+01
-2.762049336003216382e+01 3.328651441922637844e+01
-2.702053210822065310e+01 3.329333324058812593e+01
-2.642057085640913883e+01 3.330015206194987343e+01
-2.582060960459762811e+01 3.330697088331162092e+01
-2.522064835278611739e+01 3.331378970467336842e+01
-2.462068710097460311e+01 3.332060852603511591e+01
-2.402072584916309239e+01 3.332742734739686341e+01
-2.342076459735157812e+01 3.333424616875861091e+01
-2.282080334554006740e+01 3.334106499012035840e+01
-2.222084209372855668e+01 3.334788381148210590e+01
-2.162088084191704596e+01 3.335470263284385339e+01
-2.102091959010553524e+01 3.336152145420560089e+01
-2.042095833829402096e+01 3.336834027556734839e+01
-1.982099708648251024e+01 3.337515909692909588e+01
-1.922103583467099952e+01 3.338197791829084338e+01
-1.862107458285948525e+01 3.338879673965259087e+01
-1.802111333104797453e+01 3.339561556101434547e+01
-1.742115207923646381e+01 3.340243438237609297e+01
-1.682119082742494953e+01 3.340925320373784047e+01
-1.622122957561343881e+01 3.341607202509958796e+01
-1.562126832380192809e+01 3.342289084646133546e+01
-1.502130707199041559e+01 3.342970966782308295e+01
-1.442134582017890487e+01 3.343652848918483045e+01
-1.382138456836739238e+01 3.344334731054657794e+01
-1.322142331655588166e+01 3.345016613190832544e+01
-1.262146206474436738e+01 3.345698495327007294e+01
-1.202150081293285311e+01 3.346380377463182043e+01
-1.142153956112134239e+01 3.347062259599356793e+01
-1.082157830930982811e+01 3.347744141735531542e+01
-1.022161705749831384e+01 3.348426023871706292e+01
-9.621655805686799567e+00 3.349107906007881041e+01
-9.021694553875285294e+00 3.349789788144055791e+01
-8.421733302063774573e+00 3.350471670280230541e+01
-7.821772050252260300e+00 3.351153552416405290e+01
-7.221810798440746026e+00 3.351835434552580040e+01
-6.621849546629231753e+00 3.352517316688754789e+01
-6.021888294817721032e+00 3.353199198824929539e+01
-5.421927043006206759e+00 3.353881080961104288e+01
-4.821965791194692486e+00 3.354562963097279038e+01
-4.222004539383178212e+00 3.355244845233453788e+01
-3.622043287571663939e+00 3.355926727369628537e+01
-3.022082035760153218e+00 3.356608609505803287e+01
-2.422120783948638945e+00 3.357290491641978036e+01
-1.822159532137124671e+00 3.357972373778152786e+01
-1.222198280325610398e+00 3.358654255914327535e+01
-6.222370285140996771e-01 3.359336138050502285e+01
-2.227577670258540365e-02 3.360018020186677035e+01
6.595208531856344703e-02 3.360118295000831523e+01
6.378175692174781197e-01 3.344644064888878887e+01
8.511999674141392802e-01 3.327919998019933701e+01
8.511999674141370598e-01 3.327919998019933701e+01
1.138102761000965302e+00 3.276087373307039030e+01
1.122454585204676114e+00 3.220550964207227906e+01
1.039059153849967609e+00 3.192217232259020321e+01
1.002399967610834608e+00 3.181759997829794884e+01
1.002399967610834830e+00 3.181759997829794884e+01
9.359069123053600503e-01 3.122891161844458097e+01
9.430129499955399730e-01 3.119013903443826408e+01
1.061845349550218698e+00 3.060202436805416681e+01
1.180677749104897423e+00 3.001390970167006955e+01
1.299510148659575925e+00 2.942579503528597229e+01
1.418342548214254872e+00 2.883768036890187858e+01
1.537174947768933375e+00 2.824956570251778132e+01
1.656007347323612100e+00 2.766145103613368406e+01
1.774839746878290825e+00 2.707333636974958679e+01
1.814179726501615075e+00 2.687863846683395508e+01
2.085121934478405326e+00 2.635179348833708346e+01
2.591868178665227340e+00 2.604490009408876361e+01
3.184286500092832206e+00 2.604888052969370804e+01
3.371199970692394743e+00 2.612239997088909149e+01
3.371199970692392078e+00 2.612239997088909149e+01
3.921079554560316538e+00 2.623737686166592908e+01
4.520175706518956282e+00 2.620445573306512443e+01
5.119271858477596027e+00 2.617153460446431978e+01
5.718368010436234883e+00 2.613861347586351513e+01
6.317464162394875515e+00 2.610569234726271048e+01
6.916560314353514372e+00 2.607277121866190583e+01
7.515656466312154116e+00 2.603985009006110118e+01
8.114752618270795637e+00 2.600692896146029653e+01
8.713848770229432716e+00 2.597400783285949188e+01
9.312944922188073349e+00 2.594108670425868723e+01
9.912041074146712205e+00 2.590816557565788258e+01
1.051113722610535106e+01 2.587524444705707793e+01
1.056946030797429792e+01 2.587203951630877441e+01
1.062879998013377048e+01 2.587039997056126595e+01
1.062879998013142036e+01 2.587039997056126595e+01
1.077481698835598145e+01 2.586050955147180019e+01
1.136936478700014419e+01 2.577980691751614373e+01
1.196391258564430693e+01 2.569910428356049081e+01
1.255846038428846967e+01 2.561840164960483435e+01
1.315300818293263241e+01 2.553769901564918143e+01
1.347180384172478540e+01 2.549442638152821416e+01
1.400559998452663280e+01 2.526559996977448463e+01
1.400559998452663457e+01 2.526559996977448463e+01
1.430975701231363928e+01 2.488034649178671032e+01
1.456578885196765683e+01 2.433771614147134343e+01
1.482182069162167615e+01 2.379508579115597300e+01
1.507785253127569369e+01 2.325245544084060612e+01
1.533388437092971301e+01 2.270982509052523923e+01
1.558991621058373056e+01 2.216719474020986880e+01
1.567167681513456401e+01 2.199391244239344445e+01
1.576912183794782329e+01 2.140954973057857558e+01
1.571919998675584651e+01 2.118319996446371078e+01
1.571919998675584651e+01 2.118319996446371078e+01
1.551026447171431677e+01 2.081711815423989620e+01
1.511757999018069043e+01 2.036346751998191706e+01
1.472489550864706409e+01 1.990981688572393793e+01
1.433221102711343775e+01 1.945616625146595524e+01
1.393952654557981319e+01 1.900251561720797611e+01
1.354684206404618685e+01 1.854886498294999697e+01
1.315415758251256051e+01 1.809521434869201784e+01
1.276147310097893417e+01 1.764156371443403870e+01
1.236878861944530783e+01 1.718791308017605957e+01
1.197610413791168327e+01 1.673426244591807688e+01
1.158341965637805693e+01 1.628061181166009774e+01
1.119073517484443059e+01 1.582696117740211861e+01
1.079805069331080603e+01 1.537331054314413947e+01
1.040536621177717969e+01 1.491965990888616034e+01
1.001268173024355335e+01 1.446600927462818120e+01
9.619997248709928783e+00 1.401235864037020207e+01
9.227312767176302444e+00 1.355870800611222293e+01
8.834628285642676104e+00 1.310505737185424380e+01
8.441943804109051541e+00 1.265140673759626289e+01
8.049259322575425202e+00 1.219775610333828375e+01
7.656574841041799750e+00 1.174410546908030462e+01
7.263890359508174299e+00 1.129045483482232548e+01
6.871205877974547960e+00 1.083680420056434457e+01
6.478521396440921620e+00 1.038315356630636543e+01
6.085836914907297057e+00 9.929502932048386299e+00
5.693152433373670718e+00 9.475852297790407164e+00
5.300467951840044378e+00 9.022201663532428029e+00
4.907783470306418039e+00 8.568551029274447117e+00
4.515098988772791699e+00 8.114900395016466206e+00
4.204584253374575198e+00 7.756176754831598075e+00
3.824799971282480726e+00 7.474399946630001068e+00
3.824799971282479838e+00 7.474399946630001068e+00
3.369766750891520779e+00 7.095031946172214887e+00
3.212314479270921730e+00 6.745394623691060687e+00
3.066167935362608343e+00 6.163465772624492800e+00
2.920021391454294957e+00 5.581536921557924913e+00
2.773874847545981126e+00 4.999608070491357914e+00
2.627728303637667739e+00 4.417679219424790027e+00
2.481581759729354353e+00 3.835750368358222140e+00
2.335435215821040966e+00 3.253821517291654697e+00
2.189288671912727580e+00 2.671892666225086366e+00
2.182781356467028644e+00 2.645981724374700583e+00
2.149999999999999911e+00 2.379999999999999893e+00
2.150477796026439847e+00 1.780000190240899061e+00
2.150796326710733286e+00 1.380000317068165394e+00
