4.333343505859375000e-01 -1.004742383956909180e+00
3.086414112875689453e-01 -1.012776222949341998e+00
1.836800459666337315e-01 -1.015825283419895086e+00
5.895416753363269535e-02 -1.023789752579633339e+00
-6.586837143162685426e-02 -1.029384341436559769e+00
-1.904475978982718420e-01 -1.020353072167550446e+00
-3.146390051302190294e-01 -1.006289916712130417e+00
-4.395217440729481950e-01 -1.003043353395167259e+00
-5.638115400102833297e-01 -1.015477219983416113e+00
-6.879185214597444142e-01 -1.029964064308247718e+00
-8.128282029905036232e-01 -1.030115905246717256e+00
-9.377449289835313451e-01 -1.029938623673211540e+00
-1.062684936157887394e+00 -1.032141937484950978e+00
-1.187621419273923173e+00 -1.034452278029993622e+00
-1.312556606888820587e+00 -1.037026828813571555e+00
-1.437050560706768954e+00 -1.026678142573243635e+00
-1.561074053790074689e+00 -1.011144562040707573e+00
-1.685753870779642449e+00 -1.002618626827507908e+00
-1.810738399855418290e+00 -1.001346425621246539e+00
-1.935646219184699035e+00 -9.975612515101222044e-01
-2.060156137569520762e+00 -9.865703122936997360e-01
-2.184943225802345346e+00 -9.805220347703499373e-01
-2.309930429805227448e+00 -9.822597683237669353e-01
-2.434706194725412054e+00 -9.892689357210683321e-01
-2.559417389478820137e+00 -9.975484844540284390e-01
-2.684359523295903660e+00 -1.001278525095596450e+00
-2.809232437255849479e+00 -1.006653629429405061e+00
-2.934163419605375633e+00 -1.008751607340457213e+00
-3.058534122814819955e+00 -9.970262470320970793e-01
-3.182189665910343912e+00 -9.787522343436153571e-01
-3.306763130827755859e+00 -9.695457281913195668e-01
-3.431480193266261747e+00 -9.619968515491261751e-01
-3.556198083381626684e+00 -9.544670904805876432e-01
-3.681067538341943557e+00 -9.492665110088833735e-01
-3.805975589687516258e+00 -9.459179014030624222e-01
-3.930964261657035497e+00 -9.474956188657541745e-01
-4.055848302722712795e+00 -9.522915605500694713e-01
-4.180607119193468613e+00 -9.600163466188359473e-01
-4.305269685661390788e+00 -9.690680860015490339e-01
-4.430089768082299706e+00 -9.748353743615552069e-01
-4.554731939000404850e+00 -9.829803575329418841e-01
-4.677339448432305424e+00 -1.006917096018745461e+00
-4.799645176568467342e+00 -1.032499492850095457e+00
-4.924001914512029288e+00 -1.044294975278129645e+00
-5.048883309926384122e+00 -1.049665740765455713e+00
-5.173766568457245363e+00 -1.054988278730933038e+00
-5.298586196273897819e+00 -1.061505437674433727e+00
-5.422499428423225964e+00 -1.077487667687424322e+00
-5.545452130046833794e+00 -1.100018299589583970e+00
-5.667425797897284845e+00 -1.127212278013103086e+00
-5.788021251711979787e+00 -1.160097132311451285e+00
-5.908876192262126459e+00 -1.191999315561847572e+00
-6.029525416087759382e+00 -1.224651899673911970e+00
-6.150812182319682186e+00 -1.254729955358336424e+00
-6.273982397771253439e+00 -1.275935498769620535e+00
-6.398404759901409555e+00 -1.287394683926398553e+00
-6.523357859643052592e+00 -1.286834766641349548e+00
-6.647979987106714006e+00 -1.277293353911020946e+00
-6.772059946770658811e+00 -1.262219779325601809e+00
-6.896636569768484826e+00 -1.253178830551399336e+00
-7.021627477488316948e+00 -1.254314771300460984e+00
-7.146587537923387856e+00 -1.252586437419332288e+00
-7.271547649603314234e+00 -1.250894212732874156e+00
-7.396335495522142089e+00 -1.257800615354050633e+00
-7.521215691644488111e+00 -1.260977093709109820e+00
-7.645451649583407949e+00 -1.248059686600454077e+00
-7.769672737491575276e+00 -1.234961648319329530e+00
-7.894569476716656098e+00 -1.229882874105793000e+00
-8.019538689364933859e+00 -1.229335640513428363e+00
-8.144094819679176922e+00 -1.239308983096492955e+00
-8.268245888296631207e+00 -1.253834439782218313e+00
-8.393054393860074569e+00 -1.258808167953108237e+00
-8.517470884133782505e+00 -1.247628425327410584e+00
-8.641590711140224812e+00 -1.233043721834796935e+00
-8.766486742602594973e+00 -1.230711471984106353e+00
-8.891454992832818149e+00 -1.231597099837549392e+00
-9.015785058745931835e+00 -1.219590616126182692e+00
-9.139532839435265288e+00 -1.202009590068272793e+00
-9.262331990524135250e+00 -1.179125615110445446e+00
-9.384977365858137688e+00 -1.155332934081687135e+00
-9.507361499437106289e+00 -1.130356158047553405e+00
-9.627948698826704899e+00 -1.097436372667979221e+00
-9.746323151917342997e+00 -1.057518087978168042e+00
-9.863523721858632243e+00 -1.014112770173233757e+00
-9.983605807889977868e+00 -9.795365493513596977e-01
-1.010644226902753928e+01 -9.567010844309845607e-01
-1.022994005536806483e+01 -9.374579167352699027e-01
-1.035219447759491729e+01 -9.114972618252017433e-01
-1.047360596724866078e+01 -8.817609240627443112e-01
-1.059577854273473996e+01 -8.554021336840286205e-01
-1.071952757274329926e+01 -8.380680710505350461e-01
-1.084435715347705020e+01 -8.326542730842474427e-01
-1.096911807880901613e+01 -8.395569872893497987e-01
-1.109390276946023945e+01 -8.457937218767448417e-01
-1.121884540553361376e+01 -8.424099095681182314e-01
-1.134378709622413162e+01 -8.389775876485198181e-01
-1.146840505576596847e+01 -8.303916018020528478e-01
-1.159164117709136477e+01 -8.096091289763632792e-01
-1.171456820145346711e+01 -7.869794112737501512e-01
-1.183816592904779696e+01 -7.683340316648875623e-01
-1.196213671667923961e+01 -7.523365092236966589e-01
-1.208659426143621118e+01 -7.408902830616093116e-01
-1.221152061752299645e+01 -7.404047735721591694e-01
-1.233616211074897961e+01 -7.497576223013373564e-01
-1.245985219008807832e+01 -7.674756953065827725e-01
-1.258111826040493675e+01 -7.975557588263718634e-01
-1.270230607106934961e+01 -8.279742287455067462e-01
-1.282299649076739634e+01 -8.601720003613112508e-01
-1.294169371401447144e+01 -8.993601686736034662e-01
-1.306049622441080160e+01 -9.382300223845680964e-01
-1.317899367279207112e+01 -9.780206459858257206e-01
-1.329925648764409729e+01 -1.011892685290076921e+00
-1.342163318527924254e+01 -1.037338599830440300e+00
-1.354399406474874645e+01 -1.062858375758088059e+00
-1.366634219988129928e+01 -1.088440958930018576e+00
-1.378952171390052328e+01 -1.109653284189541456e+00
-1.391304164024836965e+01 -1.128831391151876140e+00
-1.403722300464610484e+01 -1.142743396471120221e+00
-1.416213771619013784e+01 -1.143117894503392185e+00
-1.428634048730486406e+01 -1.129467569941449145e+00
-1.440877199288251376e+01 -1.104453129747752893e+00
-1.452779883389155557e+01 -1.066549153889706281e+00
-1.464211750143190116e+01 -1.016089716360432327e+00
-1.475243794335507452e+01 -9.573542660939425852e-01
-1.486250150083725075e+01 -8.981281938736819237e-01
-1.497383951427549498e+01 -8.413057664400098723e-01
-1.508323892162221114e+01 -7.808718760302773010e-01
-1.518843872631055092e+01 -7.134091386081837793e-01
-1.529414029500600236e+01 -6.467591366203722103e-01
-1.533702945709228516e+01 -6.228172779083251953e-01
-1.546137143062458641e+01 -6.347188668816503565e-01
-1.558458998828452913e+01 -6.557393695097919473e-01
-1.570858542931036794e+01 -6.710699766915283471e-01
-1.583331391935041665e+01 -6.793009222466629415e-01
-1.595822912136232041e+01 -6.791587316699891907e-01
-1.608292119907207507e+01 -6.703983980565036971e-01
-1.620706656347058328e+01 -6.560861598214192680e-01
-1.633134463336882902e+01 -6.431799006433444044e-01
-1.645550259812567973e+01 -6.293216854939911453e-01
-1.657787530486514882e+01 -6.039526059254135548e-01
-1.670042934032541027e+01 -5.795387019472201251e-01
-1.682482617897262145e+01 -5.681350068785253615e-01
-1.694974561689021186e+01 -5.707920989346633167e-01
-1.707436948478058980e+01 -5.804717344160659209e-01
-1.719856939452624545e+01 -5.944428594866266735e-01
-1.732283030553108105e+01 -6.078015683893993604e-01
-1.744774005969234310e+01 -6.110898080410460675e-01
-1.757255007889526510e+01 -6.045739000905323568e-01
-1.769617328558800295e+01 -5.866067057785615546e-01
-1.781951168735357882e+01 -5.665459260596963365e-01
-1.794396624660401685e+01 -5.550172000654080007e-01
-1.806873108951690554e+01 -5.473679356472933577e-01
-1.819365841541715056e+01 -5.434541650590604123e-01
-1.831843300950466968e+01 -5.496885855147212174e-01
-1.844279729604343387e+01 -5.622691607217875642e-01
-1.856758579919866392e+01 -5.689214737069621108e-01
-1.869257380363064058e+01 -5.679840128358779605e-01
-1.881755213759848644e+01 -5.657707571182517547e-01
-1.894249794258159625e+01 -5.623692959486243925e-01
-1.906676933828831011e+01 -5.495202399049294861e-01
-1.919064456844271405e+01 -5.328943093404577835e-01
-1.931542705987700614e+01 -5.269020082718750553e-01
-1.944001519718131377e+01 -5.360172244667466002e-01
-1.956419928260988428e+01 -5.501961750689680075e-01
-1.968786370336352576e+01 -5.680508437753621909e-01
-1.980887430369776325e+01 -5.991053378049787659e-01
-1.993001593190292553e+01 -6.295978131112579534e-01
-2.005391324816899967e+01 -6.456688409577886478e-01
-2.017782043216119447e+01 -6.616733248590728200e-01
-2.030157831030268412e+01 -6.789493978782551453e-01
-2.042537350284664655e+01 -6.959824841731425682e-01
-2.054939653125750709e+01 -7.109801973308195189e-01
-2.067389740893544570e+01 -7.219673614201876921e-01
-2.079732881789403720e+01 -7.414773513714409958e-01
-2.092085950272527839e+01 -7.602779910792303308e-01
-2.104496382536025578e+01 -7.751714211766793650e-01
-2.116771247393398170e+01 -7.984835885745689144e-01
-2.128993181996386497e+01 -8.246161199792643171e-01
-2.141371299817628326e+01 -8.417414584604484551e-01
-2.153834703488472613e+01 -8.512113976561613837e-01
-2.166244109692391362e+01 -8.656414945094420554e-01
-2.178529458370626415e+01 -8.886912703526199664e-01
-2.190845367265545107e+01 -9.099818215787776055e-01
-2.203163404551368032e+01 -9.311549061289365881e-01
-2.215533546121537967e+01 -9.486893020151818678e-01
-2.228021871179846869e+01 -9.517139248489560055e-01
-2.240451144392491756e+01 -9.392211614118691765e-01
-2.252849906222414589e+01 -9.235702450646222639e-01
-2.265267272994149650e+01 -9.093396423271731255e-01
-2.277662710857842043e+01 -8.932226557886151497e-01
-2.289959525549302199e+01 -8.711758116155601250e-01
-2.302116566934790498e+01 -8.420961139066822643e-01
-2.314162756453893621e+01 -8.088204430373279186e-01
-2.326050573310300251e+01 -7.701867167776811351e-01
-2.337641672762342182e+01 -7.235877502216229162e-01
-2.348835487935473765e+01 -6.679746516204655427e-01
-2.359766618937995020e+01 -6.073719414931141314e-01
-2.370658780066739979e+01 -5.460594135777749880e-01
-2.381991735873266691e+01 -4.934955494242471152e-01
-2.393756636895026446e+01 -4.513190422620417808e-01
-2.405809101891985691e+01 -4.183418950171020056e-01
-2.418047298605003093e+01 -3.929178454943880738e-01
-2.430150492547598873e+01 -3.619842871354987945e-01
-2.442170698141133300e+01 -3.277722954179799753e-01
-2.454464553611197175e+01 -3.056621604529824454e-01
-2.466923367516639587e+01 -2.958197577680637402e-01
-2.479352564545237669e+01 -2.831706749633394193e-01
-2.491605559634626488e+01 -2.586135746818857828e-01
-2.503554234321945771e+01 -2.221420836055914283e-01
-2.515344092201551263e+01 -1.806260520256395274e-01
-2.527105033950469348e+01 -1.383140223813892344e-01
-2.538801854317031470e+01 -9.423314908687918656e-02
-2.540651321411132812e+01 -6.439781188964843750e-02
-2.553038809281019539e+01 -4.776183112652460094e-02
-2.565456206934761596e+01 -3.381618309507444797e-02
-2.577851275116348972e+01 -1.824089856398727894e-02
-2.590007228992081778e+01 1.067180816663753848e-02
-2.601837864967877323e+01 5.089376698004331734e-02
-2.613449074582577936e+01 9.718402144758508943e-02
-2.624856176337162239e+01 1.482358866776661566e-01
-2.635965912612156714e+01 2.055100384983491180e-01
-2.646751287337160718e+01 2.686497064495160236e-01
-2.657209228238703957e+01 3.371097921521896135e-01
-2.667480657344901118e+01 4.083431694805850221e-01
-2.677613457573324851e+01 4.815363818892419157e-01
-2.688100894243245875e+01 5.494169478024037989e-01
-2.699259296693733390e+01 6.056492372171536909e-01
-2.710978055659070662e+01 6.488902311151070190e-01
-2.723107595812981074e+01 6.789186367824801005e-01
-2.735488440357002204e+01 6.955031974894638758e-01
-2.747979824962455453e+01 6.961746214646590269e-01
-2.760403440580477508e+01 6.828323181835621591e-01
-2.772584720054132035e+01 6.552085550277110260e-01
-2.784641711944681219e+01 6.222693263518745965e-01
-2.796913589156319446e+01 5.988224930872723117e-01
-2.809363797532608586e+01 5.882762553187879107e-01
-2.821823058074065571e+01 5.786687055143515668e-01
-2.834228733983926674e+01 5.633436849219322085e-01
-2.846487621631252196e+01 5.393874069204794841e-01
-2.858354008514588784e+01 5.003223069301397929e-01
-2.870168417447672837e+01 4.596215869500147044e-01
-2.882164592217245058e+01 4.244910408214807584e-01
-2.894358287930065288e+01 3.973785539267836175e-01
-2.906731982087008603e+01 3.796776152902127111e-01
-2.919074567982432811e+01 3.600109604002288965e-01
-2.931416323298408599e+01 3.402888822571067950e-01
-2.943867421733147438e+01 3.297485582916367952e-01
-2.956364260354838081e+01 3.297845859090623444e-01
-2.968812304539262570e+01 3.406365164538208146e-01
-2.981245482879819875e+01 3.533227080846796930e-01
-2.993697433737594338e+01 3.641916341182567241e-01
-3.006170923818425678e+01 3.716223765154493264e-01
-3.018629970883609559e+01 3.807684761601929924e-01
-3.030933722311413092e+01 4.026147817178284405e-01
-3.043004660133084727e+01 4.349342955962155477e-01
-3.055061917775123703e+01 4.677891802441001556e-01
-3.067330962899644220e+01 4.915662633810901072e-01
-3.079666360410352510e+01 5.117789082268419110e-01
-3.091904014479539597e+01 5.371287290965420791e-01
-3.104208813791862909e+01 5.586046787814472614e-01
-3.116512743095929494e+01 5.801246355744146266e-01
-3.128629102817760099e+01 6.108494669431490109e-01
-3.140651982589545455e+01 6.450241905615969884e-01
-3.152785498642910866e+01 6.747920723100172546e-01
-3.165098649478559167e+01 6.963094768735944573e-01
-3.177505864190260709e+01 7.111982137835902718e-01
-3.189996191991864904e+01 7.145072765240452206e-01
-3.202493472936738073e+01 7.156105590013461804e-01
-3.214927235129809446e+01 7.278052459127625218e-01
-3.227232602217548418e+01 7.497189821746729210e-01
-3.239443645452761444e+01 7.764132955490525845e-01
-3.251409244584665004e+01 8.123156368570662034e-01
-3.262827861461556722e+01 8.629479435666991272e-01
-3.273674889029270219e+01 9.250158812457878188e-01
-3.284214117360500751e+01 9.922225213519701992e-01
-3.294466184209083792e+01 1.063706966909450546e+00
-3.304225628720351438e+01 1.141767348450267061e+00
-3.313722127267318740e+01 1.223048344084009864e+00
-3.323522889978952577e+01 1.300591689122124084e+00
-3.333455117744806273e+01 1.376475191559230593e+00
-3.342805900073260261e+01 1.459336431466755846e+00
-3.351152728106011125e+01 1.552285080705668063e+00
-3.358669335879321949e+01 1.652141727433712681e+00
-3.365559026940785259e+01 1.756410428095240839e+00
-3.371516223021279757e+01 1.866237422556600745e+00
-3.376320363336799346e+01 1.981580201516702999e+00
-3.379941151276091205e+01 2.101165658284325222e+00
-3.383033400597759055e+01 2.222279560492363526e+00
-3.385882555030804753e+01 2.343974126711903416e+00
-3.387745264522167332e+01 2.467517468644206069e+00
-3.388100493115651801e+01 2.592372340718132051e+00
-3.387656474617571689e+01 2.717293210733586317e+00
-3.386883310324844842e+01 2.842035339278522699e+00
-3.386231392198381940e+01 2.966832667815710423e+00
-3.385575631272572394e+01 3.091627473189290320e+00
-3.384506831729359533e+01 3.216168762272053172e+00
-3.382864152486481402e+01 3.340025785135281478e+00
-3.380054344013876033e+01 3.461789166335937473e+00
-3.376998908419555789e+01 3.582987158503380787e+00
-3.373698110589744914e+01 3.703511899797764961e+00
-3.369725628161359055e+01 3.822027414899928033e+00
-3.364898375221986981e+01 3.937250699487136352e+00
-3.358719079366488813e+01 4.045818907687563026e+00
-3.352268589175611879e+01 4.152857297471583387e+00
-3.346812852602678134e+01 4.265255167960845029e+00
-3.341364808816940979e+01 4.377692062473941270e+00
-3.335233698739576624e+01 4.486621435566121363e+00
-3.329543738427741317e+01 4.597866488121159279e+00
-3.324113582249376009e+01 4.710441746913439864e+00
-3.317967315622171043e+01 4.819248650249486232e+00
-3.311855954330008700e+01 4.928245647492530246e+00
-3.305529636630666346e+01 5.035957567794647538e+00
-3.298021082975676421e+01 5.135827602151607607e+00
-3.290318143968877962e+01 5.234247739502093211e+00
-3.283491938033357371e+01 5.338887200332416150e+00
-3.277331249992976581e+01 5.447649805338475204e+00
-3.271954207526881220e+01 5.560402253826111085e+00
-3.267650691833381416e+01 5.677739917929532254e+00
-3.264302412761080063e+01 5.798118594657466041e+00
-3.261224963034473490e+01 5.919255168432496994e+00
-3.258455523580302327e+01 6.041089772522065360e+00
-3.255781965902971820e+01 6.163154704432161068e+00
-3.253263045342221460e+01 6.285520799703715689e+00
-3.251080356385647718e+01 6.408581680784356749e+00
-3.248545304755041485e+01 6.530984072323462009e+00
-3.246763775128486884e+01 6.654632099648884136e+00
-3.244973626971693648e+01 6.778265901204561850e+00
-3.242757539693042901e+01 6.901271150750713623e+00
-3.241555234410577668e+01 7.025626993469493264e+00
-3.241391623896991092e+01 7.150600261558654580e+00
-3.241736383403765132e+01 7.275549217591713358e+00
-3.241404803608870111e+01 7.400411482992433676e+00
-3.240420638294384048e+01 7.525018865060541629e+00
-3.240079703877476902e+01 7.649944255879262300e+00
-3.240905532588022453e+01 7.774604024143142667e+00
-3.243265098487278664e+01 7.897261051445621405e+00
-3.246630423462379156e+01 8.017640575467119390e+00
-3.249867856204045324e+01 8.138360896205650619e+00
-3.252264905282998342e+01 8.261001709849510988e+00
-3.254900112495887043e+01 8.383108983639893097e+00
-3.258902410681230322e+01 8.501471340570612156e+00
-3.263734128232562881e+01 8.616746623895659596e+00
-3.268297748006185799e+01 8.733076917025130115e+00
-3.272925571613262008e+01 8.849141893140505033e+00
-3.278272384035367537e+01 8.962124738403865365e+00
-3.284132219500320815e+01 9.072514671824020382e+00
-3.289926553838799350e+01 9.183240177584021779e+00
-3.294561255156116175e+01 9.299237955077074957e+00
-3.298227469212280738e+01 9.418733399208951695e+00
-3.301426526309946041e+01 9.539561293301778377e+00
-3.303685135241917692e+01 9.662436521114985410e+00
-3.305413695278485875e+01 9.786231848445448023e+00
-3.306674980776689665e+01 9.910539550886173998e+00
-3.306773821436700445e+01 1.003549842506042289e+01
-3.307519531250000000e+01 1.008428192138671875e+01
-3.307379055404275903e+01 1.020927099409955119e+01
-3.307368441583843577e+01 1.033427089042643132e+01
-3.307925407289258857e+01 1.045910045741493910e+01
-3.309227366452188335e+01 1.058341721982970896e+01
-3.310807937947016200e+01 1.070741189665873172e+01
-3.312184535753883097e+01 1.083163717041117557e+01
-3.313071312281863356e+01 1.095631861590347711e+01
-3.313796161519555028e+01 1.108110827582230939e+01
-3.313774831449339331e+01 1.120603338369227941e+01
-3.312988122379139355e+01 1.133078553373826836e+01
-3.311466098181546158e+01 1.145478540460497641e+01
-3.310024674009762435e+01 1.157886496641222251e+01
-3.309841719345654099e+01 1.170382343038868989e+01
-3.310482208971286155e+01 1.182864150239025136e+01
-3.311006675157710788e+01 1.195350061519359919e+01
-3.311090718650279996e+01 1.207849757835897719e+01
-3.311123960177008740e+01 1.220349604123854093e+01
-3.311627918328282050e+01 1.232835232024654459e+01
-3.312767568303960530e+01 1.245283095559013553e+01
-3.314495187717201929e+01 1.257659533733236401e+01
-3.316698536533873920e+01 1.269963794210339181e+01
-3.318084887682213235e+01 1.282378328408130130e+01
-3.317921100920406019e+01 1.294869451510898983e+01
-3.317367840095751319e+01 1.307355320373000573e+01
-3.317349535482452438e+01 1.319854966609387681e+01
-3.317727937023521889e+01 1.332348488445360246e+01
-3.317742664810053554e+01 1.344843668102899770e+01
-3.316741449110175921e+01 1.357301186584897756e+01
-3.316049939745423103e+01 1.369774994291106651e+01
-3.316788117900146204e+01 1.382246549258607438e+01
-3.318656939950022178e+01 1.394603535916551351e+01
-3.320678085204623642e+01 1.406938003515361935e+01
-3.321976157484670722e+01 1.419367696101869925e+01
-3.323298019965142913e+01 1.431794583839586643e+01
-3.325099107730331838e+01 1.444164145760692719e+01
-3.327516479157203122e+01 1.456422973960307843e+01
-3.329979153983293116e+01 1.468673527408070711e+01
-3.332081205209234298e+01 1.480994947864490108e+01
-3.334437215633953855e+01 1.493270870253870974e+01
-3.336238294984838149e+01 1.505635333410145194e+01
-3.336739733017255816e+01 1.518118901908418827e+01
-3.337315795792987672e+01 1.530597795550803397e+01
-3.338637753426777977e+01 1.543027691792348044e+01
-3.339390281168700625e+01 1.555500931116865893e+01
-3.339986636320743685e+01 1.567984596816450527e+01
-3.340254370969799425e+01 1.580474711143441979e+01
-3.339801840780763342e+01 1.592966516788405862e+01
-3.339366472902741378e+01 1.605458930685736263e+01
-3.339119927542931521e+01 1.617956082870976431e+01
-3.339772165382178315e+01 1.630432080347770096e+01
-3.340780466732632448e+01 1.642889553671817993e+01
-3.340855877945557495e+01 1.655385025791390774e+01
-3.341005618752085127e+01 1.667878628295012078e+01
-3.342230273182423161e+01 1.680315960422704791e+01
-3.343643524102112252e+01 1.692735005250922953e+01
-3.344534041620605080e+01 1.705202197732332081e+01
-3.345682690608995102e+01 1.717645419481464586e+01
-3.347849789495482753e+01 1.729952896864697465e+01
-3.350674314736492221e+01 1.742129146929285000e+01
-3.353401002749818360e+01 1.754327044451572348e+01
-3.355585827065849003e+01 1.766633631037469954e+01
-3.357453467497013833e+01 1.778993285707027994e+01
-3.359093233966908798e+01 1.791384832573751851e+01
-3.359795587409150386e+01 1.803857332888261666e+01
-3.359118706911647223e+01 1.816333882326485494e+01
-3.357741198569335950e+01 1.828757654306097535e+01
-3.356635432717339995e+01 1.841206942520200940e+01
-3.356564275407151854e+01 1.853700592487214394e+01
-3.357618915602029830e+01 1.866153333875653786e+01
-3.358316191501172909e+01 1.878625191968538033e+01
-3.358920643857567256e+01 1.891103780985501359e+01
-3.360890072169238607e+01 1.903441771758414447e+01
-3.363073542761001278e+01 1.915746925343079354e+01
-3.365228672188360548e+01 1.928057409485363749e+01
-3.367324315618348862e+01 1.940377434120681954e+01
-3.368835833979478167e+01 1.952785530567346228e+01
-3.370611930095589770e+01 1.965156733109626686e+01
-3.372396327116705805e+01 1.977526826495176593e+01
-3.373663624916673598e+01 1.989962129653063272e+01
-3.374489583777827306e+01 2.002433640865444531e+01
-3.374380738333776719e+01 2.014927713839132650e+01
-3.374101007987148648e+01 2.027421654848897958e+01
-3.373567761117482888e+01 2.039903310114774726e+01
-3.371803516037660131e+01 2.052274617331201156e+01
-3.370287274884233142e+01 2.064674474601187626e+01
-3.370120135887178492e+01 2.077168722741988205e+01
-3.370003765739379276e+01 2.089664310977298456e+01
-3.368779675643659743e+01 2.102099858247573039e+01
-3.366500662645500341e+01 2.114387028748710051e+01
-3.364012021857789136e+01 2.126635712656299404e+01
-3.361954212419784938e+01 2.138964833519124653e+01
-3.360353754620921052e+01 2.151360697537129596e+01
-3.359183922668920275e+01 2.163805617315259866e+01
-3.357711358714263383e+01 2.176216061998072249e+01
-3.356396735474955761e+01 2.188642049958656344e+01
-3.355394939980655522e+01 2.201100815931736676e+01
-3.354734521366619759e+01 2.213578244661587746e+01
-3.354007856329997850e+01 2.226050833617353319e+01
-3.352477776910232166e+01 2.238456637085165823e+01
-3.351659558593208743e+01 2.250920498186689400e+01
-3.351916952267701788e+01 2.263417072661848195e+01
-3.353102302744303387e+01 2.275854382260226316e+01
-3.354878970684582384e+01 2.288227356492057041e+01
-3.356559810972208879e+01 2.300613831929708653e+01
-3.358289903132158116e+01 2.312993487437485740e+01
-3.359606729459043351e+01 2.325420991775515134e+01
-3.360911452243648512e+01 2.337849923713997669e+01
-3.362593102717976734e+01 2.350236209941459009e+01
-3.363573149107639892e+01 2.362692448219516450e+01
-3.363221924948928887e+01 2.375180895646797197e+01
-3.361840343157970779e+01 2.387602860753503720e+01
-3.359593168772794058e+01 2.399895156407812991e+01
-3.356185537804314123e+01 2.411915933421141389e+01
-3.351710833581937976e+01 2.423584294279593010e+01
-3.346143375582444435e+01 2.434768295771867486e+01
-3.339785297420638699e+01 2.445529993074714525e+01
-3.333014660475821245e+01 2.456036050382424207e+01
-3.325803493899363161e+01 2.466245467354465504e+01
-3.318122504265829775e+01 2.476104929213747141e+01
-3.309544346385619207e+01 2.485184374292505538e+01
-3.300814036734708168e+01 2.494123217891570476e+01
-3.292005284318596381e+01 2.502981912194017511e+01
-3.282613123943927036e+01 2.511230137371444116e+01
-3.273505789471115435e+01 2.519786573394244655e+01
-3.265010310798933091e+01 2.528953885210555441e+01
-3.260161972045898438e+01 2.532111740112304688e+01
-3.261203287698666031e+01 2.544562083855684875e+01
-3.262525658098710579e+01 2.556989804522426724e+01
-3.263027702215396175e+01 2.569477323492402121e+01
-3.263092050962399071e+01 2.581977155149224856e+01
-3.262315668023148163e+01 2.594443874399283700e+01
-3.260374378313623822e+01 2.606790608895079941e+01
-3.258677187638655681e+01 2.619170158118153324e+01
-3.257778688431147174e+01 2.631637217838573761e+01
-3.257604159670663790e+01 2.644132507555811529e+01
-3.257170026727706613e+01 2.656617023739199368e+01
-3.256464987741912154e+01 2.669093778948914775e+01
-3.255568992370204029e+01 2.681555221735509775e+01
-3.253676887003534546e+01 2.693909891459937000e+01
-3.251077730417154754e+01 2.706134401798075118e+01
-3.248835039200741193e+01 2.718423507937050232e+01
-3.246540524920844462e+01 2.730701898311597731e+01
-3.244102324382884461e+01 2.742955543998189682e+01
-3.243058822599395796e+01 2.755404754751392105e+01
-3.243335156137245434e+01 2.767897052829032489e+01
-3.244799689998497172e+01 2.780306102039635974e+01
-3.247445302384128496e+01 2.792518067949204408e+01
-3.251291828939743311e+01 2.804405631430955737e+01
-3.255575559326126012e+01 2.816148200178459504e+01
-3.260438266527680184e+01 2.827654010745696667e+01
-3.266398540448001597e+01 2.838639052811378960e+01
-3.272718533217247483e+01 2.849423655822104706e+01
-3.279030024936182031e+01 2.860213231768167219e+01
-3.284981233770344744e+01 2.871203300089538502e+01
-3.290835212326953751e+01 2.882246595624349439e+01
-3.296563847651640344e+01 2.893353939527391461e+01
-3.301634349639031285e+01 2.904777970744558147e+01
-3.306668271519735214e+01 2.916218503943719753e+01
-3.311895217260099145e+01 2.927573150076995745e+01
-3.316986347268299795e+01 2.938989257743786254e+01
-3.321666639811904531e+01 2.950578191187932475e+01
-3.326086249228795566e+01 2.962270723514115289e+01
-3.330177388290005069e+01 2.974079769228442061e+01
-3.333877400985816308e+01 2.986019613566153197e+01
-3.336911023498969797e+01 2.998139202329183561e+01
-3.338445643513411198e+01 3.010535446272347215e+01
-3.339901768348883593e+01 3.022942832557347259e+01
-3.342019538631651443e+01 3.035262040965681152e+01
-3.344032443063165516e+01 3.047598895952216935e+01
-3.346602069621675923e+01 3.059827130085431079e+01
-3.349626848409646840e+01 3.071955415929282296e+01
-3.351939744990927039e+01 3.084234677238007194e+01
-3.352959560197183464e+01 3.096686358824731045e+01
-3.352754990087611020e+01 3.109181063486103014e+01
-3.352221894862411489e+01 3.121669196183946937e+01
-3.352342715887346714e+01 3.134165770931385353e+01
-3.353237063499937420e+01 3.146632428319824371e+01
-3.353939477896152255e+01 3.159109272467577512e+01
-3.354808941725930538e+01 3.171572952094261666e+01
-3.355620252062368536e+01 3.184039460436392588e+01
-3.355985833930132856e+01 3.196533036470201594e+01
-3.355864953951139285e+01 3.209024532323765300e+01
-3.354479096374925717e+01 3.221444152177475218e+01
-3.352040225452041255e+01 3.233699518705435594e+01
-3.349305738443031544e+01 3.245895777527200465e+01
-3.346023961438491767e+01 3.257947680868647922e+01
-3.341349819056156889e+01 3.269535075011507530e+01
-3.335422259641931220e+01 3.280531709685895692e+01
-3.328189117812362241e+01 3.290716241644815199e+01
-3.319827623466813549e+01 3.300000180936739724e+01
-3.310483101825679597e+01 3.308291551170770362e+01
-3.300264172596271095e+01 3.315480082053862532e+01
-3.289543069636128791e+01 3.321905635834923487e+01
-3.278458205251165225e+01 3.327675486870442967e+01
-3.266992289244181791e+01 3.332648894769936021e+01
-3.255236126212263059e+01 3.336890003245103031e+01
-3.243210463638791197e+01 3.340289730941585589e+01
-3.230957937491972132e+01 3.342748288190903594e+01
-3.218526992952147481e+01 3.343989259341562814e+01
-3.206103817204760276e+01 3.345293290216176985e+01
-3.193710290992004630e+01 3.346895295859344799e+01
-3.181233521536031006e+01 3.347625871666512154e+01
-3.168735787668728676e+01 3.347579246442035839e+01
-3.156260827686960013e+01 3.346810149896786157e+01
-3.143797170212088332e+01 3.345861011939146579e+01
-3.131304003742535969e+01 3.345590285423875798e+01
-3.118820031714344410e+01 3.346193159642482584e+01
-3.106420552946298486e+01 3.347735463609519257e+01
-3.094078544934610875e+01 3.349714141826505909e+01
-3.081669350974993193e+01 3.351206679753614992e+01
-3.069197090801002403e+01 3.352010980639912674e+01
-3.056713389951481830e+01 3.352639174710903802e+01
-3.044307083818264204e+01 3.354118415257495656e+01
-3.031927817123297686e+01 3.355834312283057841e+01
-3.019470092407720685e+01 3.356848310453772655e+01
-3.006978404034680707e+01 3.357266865329690120e+01
-2.994523790193254342e+01 3.358213619913130543e+01
-2.982114446316371570e+01 3.359706750949627718e+01
-2.969702760358651972e+01 3.361181479491183666e+01
-2.957265208881099383e+01 3.362389354056649182e+01
-2.944834925373518786e+01 3.363660322490405008e+01
-2.932408102926763505e+01 3.364970601808934703e+01
-2.919918248770491331e+01 3.365450111766244135e+01
-2.907425668492986048e+01 3.365864765765314814e+01
-2.894929766324338871e+01 3.365943276128282946e+01
-2.882446651699006779e+01 3.365302360509873125e+01
-2.870023472488126970e+01 3.363952795175739396e+01
-2.857605271060765162e+01 3.362551991026452214e+01
-2.845148444725469972e+01 3.361515946356192330e+01
-2.832661886027275955e+01 3.361158406065274562e+01
-2.820164952963359539e+01 3.361416332304803944e+01
-2.807695466958626085e+01 3.360682344670707522e+01
-2.795293215036185330e+01 3.359122181778451477e+01
-2.782905805972599822e+01 3.357449289613676768e+01
-2.770535967273940514e+01 3.355650153917463996e+01
-2.758120540276888377e+01 3.354216365116608500e+01
-2.745671343621183169e+01 3.353091526165207625e+01
-2.733228604681095320e+01 3.351896451262025067e+01
-2.720768972515965700e+01 3.350898458768801902e+01
-2.708357734091095637e+01 3.349456993189689058e+01
-2.696081396438513877e+01 3.347108691070729236e+01
-2.683873680783013782e+01 3.344421603904090290e+01
-2.671565271334923608e+01 3.342269672924504675e+01
-2.659111076916027727e+01 3.341245671437931009e+01
-2.646618171287508758e+01 3.341418063882304068e+01
-2.634153035770326667e+01 3.342349427037387244e+01
-2.621664128927784532e+01 3.342708351236591824e+01
-2.609165876829065311e+01 3.342753646830567504e+01
-2.596675991579420639e+01 3.342453659066532623e+01
-2.584190055298847710e+01 3.341927376526972182e+01
-2.571721878297729802e+01 3.341142458386629244e+01
-2.559280865261447602e+01 3.339943391788635552e+01
-2.546832053893112402e+01 3.338821753244132395e+01
-2.534363166270937739e+01 3.337996457293796482e+01
-2.521868419741442224e+01 3.338211467046947689e+01
-2.509393176736032416e+01 3.338996882814154787e+01
-2.496900472730564147e+01 3.339180137488307309e+01
-2.484431991951804974e+01 3.338319999243618241e+01
-2.472000771806981945e+01 3.337011208306870458e+01
-2.459544638247198378e+01 3.335985575596836838e+01
-2.447049995669661726e+01 3.335947565340302390e+01
-2.434585252629130991e+01 3.336866505969730667e+01
-2.422165872656737307e+01 3.338280504474860777e+01
-2.409856868781180239e+01 3.340431758037633614e+01
-2.397582946657082559e+01 3.342788859484166153e+01
-2.385207754701967175e+01 3.344545296965983994e+01
-2.372856775817098551e+01 3.346455912993350523e+01
-2.360539567356215684e+01 3.348583284463801135e+01
-2.348270115881185305e+01 3.350959872693677255e+01
-2.336223672533408191e+01 3.354281963501933461e+01
-2.324574962425243285e+01 3.358796959083586842e+01
-2.312890622166183263e+01 3.363212797895447892e+01
-2.300844432377604321e+01 3.366545294053862847e+01
-2.288709273873220340e+01 3.369543238273188024e+01
-2.276476903017350750e+01 3.372104575724845432e+01
-2.264069295603651355e+01 3.373567848997158336e+01
-2.268548583984375000e+01 3.369879150390625000e+01
-2.256060895036680236e+01 3.370427410516812472e+01
-2.243576676982778650e+01 3.370013234462727780e+01
-2.231153642007806326e+01 3.368631054666997215e+01
-2.218686161596495410e+01 3.367839210233645275e+01
-2.206195732629785411e+01 3.368250247072153769e+01
-2.193740078310260699e+01 3.369297204362701592e+01
-2.181264064208568954e+01 3.370013090623969276e+01
-2.168775656212966041e+01 3.370522174537894955e+01
-2.156381968518613235e+01 3.372088737841703932e+01
-2.144141846936497942e+01 3.374621222727414249e+01
-2.132037512145800306e+01 3.377733726809879045e+01
-2.119939268155302869e+01 3.380870802628351157e+01
-2.107713557870692256e+01 3.383472505127313212e+01
-2.095479774839494880e+01 3.386036871062868414e+01
-2.083207144643135678e+01 3.388400817137132037e+01
-2.070803234343746624e+01 3.389921791602586865e+01
-2.058313970242448931e+01 3.390177641585902535e+01
-2.045818533120494465e+01 3.389862146091319062e+01
-2.033347216073256902e+01 3.390566718182055439e+01
-2.020878666429016590e+01 3.391342953101099056e+01
-2.008386553848733769e+01 3.391736260844805173e+01
-1.995928703588527497e+01 3.392750429135779200e+01
-1.983468139031275612e+01 3.393727042737705091e+01
-1.970973772117390155e+01 3.394037914241419429e+01
-1.958476583258473269e+01 3.394253071835357360e+01
-1.945983290323015424e+01 3.394660125454114308e+01
-1.933489747012291460e+01 3.395059863950814361e+01
-1.920999119870786132e+01 3.394810343137017838e+01
-1.908514620944322360e+01 3.394229499122818794e+01
-1.896025247586924678e+01 3.394619199152611344e+01
-1.883607081873340405e+01 3.396024935059632810e+01
-1.871252538275298605e+01 3.397925952955852580e+01
-1.858929352072682661e+01 3.400019606038947018e+01
-1.846587771232325892e+01 3.401998244170445673e+01
-1.834192533695584970e+01 3.403611666196525931e+01
-1.821812189961995898e+01 3.405331979554616595e+01
-1.809454325677444331e+01 3.407211231512017946e+01
-1.797029140412367099e+01 3.408548789113849153e+01
-1.784536636946253196e+01 3.408738553898317747e+01
-1.772039946785408304e+01 3.408752156323977545e+01
-1.759545537255763037e+01 3.409116168689160986e+01
-1.747050716065988496e+01 3.408873293687746298e+01
-1.734566662752896704e+01 3.408243489594725162e+01
-1.722074520843289136e+01 3.407805739894561725e+01
-1.709582619811889259e+01 3.407361744761851696e+01
-1.697086199265513073e+01 3.407298148280015226e+01
-1.684591757547462976e+01 3.407149093475340607e+01
-1.672097588069496155e+01 3.406883876930502453e+01
-1.659598030688448489e+01 3.406934103185266594e+01
-1.647135713705731064e+01 3.406068285224827719e+01
-1.634734798566407576e+01 3.404497780475998070e+01
-1.622276944358021566e+01 3.403522230250968050e+01
-1.609800091139682721e+01 3.402783352542174100e+01
-1.597315496950690594e+01 3.402234472224506590e+01
-1.584823414771638816e+01 3.402607063826755507e+01
-1.572331096652496996e+01 3.402966466963156478e+01
-1.559835546154622143e+01 3.403234801167133838e+01
-1.547396478438379219e+01 3.404421571462276574e+01
-1.534956786940098894e+01 3.405600491689607168e+01
-1.522464488924632420e+01 3.406028423278512207e+01
-1.510023237406032948e+01 3.407135334050514075e+01
-1.497613159540403593e+01 3.408605685523234996e+01
-1.485126522213409217e+01 3.409111379432028599e+01
-1.472651397320477784e+01 3.409799200396158625e+01
-1.460179211026760093e+01 3.410558460924215041e+01
-1.447689219089562407e+01 3.410172489021746145e+01
-1.435215746393209457e+01 3.409361806129689398e+01
-1.422779232180494091e+01 3.408142277963291633e+01
-1.410326532504222996e+01 3.407149281597535406e+01
-1.397827423665168034e+01 3.407009693035947606e+01
-1.385330024987113084e+01 3.406777827917506585e+01
-1.372837212846644483e+01 3.406354008934599165e+01
-1.360345685640480617e+01 3.405894130148123367e+01
-1.347855745524390869e+01 3.405392797494836543e+01
-1.335358484521398559e+01 3.405223792285907081e+01
-1.322864436421117773e+01 3.404942940952257402e+01
-1.310400086183358148e+01 3.404006540968179451e+01
-1.298010851888223449e+01 3.402371853826726067e+01
-1.285613144198261182e+01 3.400811328403077027e+01
-1.273123807200095570e+01 3.400432493220596797e+01
-1.260657365440949818e+01 3.401275920417389642e+01
-1.248183828223674041e+01 3.401951056598857548e+01
-1.235686953811293343e+01 3.402161347039761807e+01
-1.223198566533237930e+01 3.402700005384267001e+01
-1.210708551580529679e+01 3.402475466698650308e+01
-1.198292863436519795e+01 3.401047838790050548e+01
-1.185868577885568520e+01 3.399707431553881776e+01
-1.173376163261646710e+01 3.399377732107504357e+01
-1.160887321072114986e+01 3.398966650056881633e+01
-1.148398720416436980e+01 3.398542369492111703e+01
-1.135925144439402068e+01 3.399277362860048868e+01
-1.123527289733177525e+01 3.400865174671125146e+01
-1.111185183234247553e+01 3.402844081365967099e+01
-1.098824115577070337e+01 3.404696218995858459e+01
-1.086356760853639614e+01 3.405463234022396080e+01
-1.073898827888618790e+01 3.404562252339064798e+01
-1.061447267501227287e+01 3.403547082304096705e+01
-1.048961241416595591e+01 3.402979128568031086e+01
-1.036469480088498329e+01 3.402903815803457377e+01
-1.024025095171547761e+01 3.404052544269797664e+01
-1.011685242082373293e+01 3.406034346830774240e+01
-9.993091654830529080e+00 3.407748348816996753e+01
-9.868204377503822400e+00 3.408034832373990497e+01
-9.743242691187486315e+00 3.408078251931529934e+01
-9.618292488438985544e+00 3.408399393525849064e+01
-9.493386406207473982e+00 3.407997956354827807e+01
-9.368464639865187848e+00 3.407714290944303315e+01
-9.243510295232120200e+00 3.407528934894856576e+01
-9.118994888188364456e+00 3.406454068084426012e+01
-8.995224615134263857e+00 3.404711961977944412e+01
-8.873432198000610782e+00 3.401935077244066008e+01
-8.752778355007386324e+00 3.398671719507704125e+01
-8.630357232404865186e+00 3.396161560577428418e+01
-8.507811324099940009e+00 3.393709342621237823e+01
-8.384811725007773830e+00 3.391518480176339523e+01
-8.260158892170030853e+00 3.390668169428086998e+01
-8.135271432968780303e+00 3.391070907555503311e+01
-8.010590571357280254e+00 3.391961320599133245e+01
-7.885685925066193036e+00 3.391903334796985092e+01
-7.760782213272257479e+00 3.391850531118307543e+01
-7.636772207001249591e+00 3.393363719434400139e+01
-7.513827196836857070e+00 3.395620933441848166e+01
-7.391424713751450604e+00 3.398151751012837707e+01
-7.268348402444463119e+00 3.400305209944872331e+01
-7.145176587341652841e+00 3.402408316950518241e+01
-7.022199122077227074e+00 3.404631835286276242e+01
-6.897748073112377476e+00 3.405737114557208400e+01
-6.772900037461980993e+00 3.406345669847522828e+01
-6.647975018575456474e+00 3.406705880620501858e+01
-6.523112440324582373e+00 3.406185145850943030e+01
-6.480932712554931641e+00 3.406420898437500000e+01
-6.356021346223537094e+00 3.406823756411509407e+01
-6.231089876038298669e+00 3.406997312556422486e+01
-6.106307001183825633e+00 3.406274682836954781e+01
-5.981474835020475389e+00 3.405660283863434756e+01
-5.856489450195898172e+00 3.405716303513763421e+01
-5.731558323329296378e+00 3.405488397664825584e+01
-5.606648299464143115e+00 3.405481289822888158e+01
-5.481735971877138347e+00 3.405884922801003967e+01
-5.357063352372781750e+00 3.406665974550141129e+01
-5.232484589416195320e+00 3.407629841497653445e+01
-5.107637125307082471e+00 3.408231144283506353e+01
-4.982718896681918253e+00 3.408301021932683028e+01
-4.858509166914535271e+00 3.406948978966201480e+01
-4.735992197097886880e+00 3.404485032390233101e+01
-4.615831607471454490e+00 3.401053780420867412e+01
-4.495827937090976612e+00 3.397565250038747564e+01
-4.373210247727833178e+00 3.395166404554247919e+01
-4.248830165975103768e+00 3.393964602339326575e+01
-4.124391302833728012e+00 3.392816941825080335e+01
-4.000548317871118087e+00 3.391120426859158954e+01
-3.876529774865990152e+00 3.389561057704999314e+01
-3.751823007731790227e+00 3.388774402265859464e+01
-3.627162427298758374e+00 3.387931255542325459e+01
-3.503617568566080642e+00 3.386044310573630867e+01
-3.380905248587721346e+00 3.383664356460280942e+01
-3.260028889891917636e+00 3.380506632782859100e+01
-3.139047609017150187e+00 3.377392890289861782e+01
-3.017928491051188100e+00 3.374329092406472341e+01
-2.897753936675440567e+00 3.370894481640070950e+01
-2.775144492139439922e+00 3.368500228912798633e+01
-2.651882020680966345e+00 3.366436921092856949e+01
-2.530999605902151561e+00 3.363281336050755499e+01
-2.414619563526509527e+00 3.358740520659191020e+01
-2.298763276139617506e+00 3.354060521394501393e+01
-2.181259799704014846e+00 3.349797719835213883e+01
-2.064019694067465327e+00 3.345462326275423237e+01
-1.944858351258687668e+00 3.341698937948557813e+01
-1.824515996971068921e+00 3.338319306117514174e+01
-1.703171507006169483e+00 3.335334256749719373e+01
-1.579995658449272034e+00 3.333216385012855199e+01
-1.455447639704789298e+00 3.332266563255075198e+01
-1.330542946335451893e+00 3.332653453590705084e+01
-1.205632024300777427e+00 3.332998847415735355e+01
-1.080937570106639267e+00 3.332195298118966775e+01
-9.574719533719665554e-01 3.330267654979625291e+01
-8.338357468125399130e-01 3.328466850451445680e+01
-7.089682003070019167e-01 3.328117545205226691e+01
-5.840147181810239063e-01 3.328452895119546895e+01
-4.591231546853018486e-01 3.328070218377124689e+01
-3.342237433201155072e-01 3.327764189458686417e+01
-2.092801905318877054e-01 3.328139787172226249e+01
-8.439429549377688855e-02 3.328666026795334432e+01
4.053606271487135426e-02 3.328629364912879396e+01
1.653630754069974063e-01 3.327974590284824075e+01
2.895087668638940404e-01 3.326596282357913026e+01
4.109590276388477292e-01 3.323669931806609412e+01
5.321226760943368328e-01 3.320617474238461853e+01
6.528744944164901476e-01 3.317417018809513252e+01
7.710887432058063373e-01 3.313355204010276367e+01
8.860163097663839027e-01 3.308459266536002730e+01
9.973360265718633766e-01 3.302773687189662866e+01
1.104002906954032026e+00 3.296274572949695170e+01
1.201756897297787896e+00 3.288495343126218984e+01
1.292969126015729220e+00 3.279949784044554661e+01
1.380508319398761286e+00 3.271027943154514617e+01
1.464010109718118624e+00 3.261727815960620092e+01
1.539735750436506123e+00 3.251790751905756593e+01
1.605588357743571670e+00 3.241170073607036528e+01
1.660160219289112726e+00 3.229933238351824087e+01
1.701913169935570291e+00 3.218156485555525848e+01
1.729917906163112029e+00 3.205983425187588409e+01
1.744831757288636487e+00 3.193576223008306769e+01
1.747757703132900797e+00 3.181086021562827781e+01
1.743814973450279693e+00 3.168592241396947173e+01
1.735135452958059155e+00 3.156125474828283828e+01
1.713687158432720237e+00 3.143819725821098388e+01
1.681197479943543849e+00 3.131750760069259343e+01
1.638150888243437686e+00 3.120024208144828393e+01
1.589770632218472146e+00 3.108499129555722007e+01
1.547682252749746246e+00 3.096731939435569103e+01
1.516378119014358816e+00 3.084636508057589310e+01
1.489253130545401094e+00 3.072435163083452636e+01
1.444212913513183594e+00 3.068169975280761719e+01
1.454563084700829956e+00 3.055722521516966594e+01
1.476306945584425545e+00 3.043414315614816346e+01
1.496245233359466464e+00 3.031077510166709388e+01
1.503236125467397599e+00 3.018606041543486640e+01
1.495143721360541633e+00 3.006138636256773822e+01
1.475220914011448059e+00 2.993801807593095177e+01
1.442401835632653562e+00 2.981749659056974622e+01
1.395954973273756616e+00 2.970150072747579273e+01
1.343579841719991119e+00 2.958800261905325968e+01
1.298765881664765809e+00 2.947141383763275613e+01
1.262192285552624416e+00 2.935188417401883854e+01
1.229906219323496863e+00 2.923114942430944296e+01
1.207381228969560460e+00 2.910824219893741827e+01
1.195109646381992130e+00 2.898387320408325607e+01
1.193460696959376177e+00 2.885893434853198158e+01
1.201217427326894294e+00 2.873418955035573674e+01
1.216432349730153017e+00 2.861014291354330297e+01
1.232241730569872074e+00 2.848616432835305190e+01
1.245627682565326300e+00 2.836188499840156041e+01
1.267958136790290569e+00 2.823897976425158518e+01
1.303555977677302025e+00 2.811920207207338152e+01
1.339427131602669796e+00 2.799950149777768971e+01
1.377805959404131864e+00 2.788063161910804411e+01
1.418580830348669775e+00 2.776251348243858175e+01
1.460873820242960086e+00 2.764495987862748194e+01
1.512803563179775601e+00 2.753127174886435213e+01
1.566900367968821151e+00 2.741858483343286679e+01
1.612514197706342411e+00 2.730230681156097106e+01
1.655854264970076706e+00 2.718511191819414563e+01
1.709425311200451159e+00 2.707221168059752259e+01
1.770706238660056719e+00 2.696328329637387000e+01
1.830989585158219635e+00 2.685381398015129051e+01
1.880070850601070598e+00 2.673893983690334508e+01
1.917030378517179390e+00 2.661956656498773199e+01
1.951245894056906627e+00 2.649934805671754035e+01
1.994290020923114470e+00 2.638206217269411624e+01
2.040762440633651309e+00 2.626603790210997147e+01
2.089783096025447762e+00 2.615110492478342152e+01
2.150544772037637831e+00 2.604194126165941015e+01
2.220798740927891757e+00 2.593857937052868934e+01
2.298534355920170302e+00 2.584073622728114117e+01
2.386201111400557018e+00 2.575175663884829547e+01
2.484662300454388184e+00 2.567488924334267253e+01
2.589992963973990037e+00 2.560761487349850185e+01
2.701134252084036458e+00 2.555059848929550270e+01
2.818221665191917413e+00 2.550699840334568336e+01
2.939630024026430366e+00 2.547763603209320493e+01
3.062129274164612003e+00 2.545284383218692525e+01
3.184863878720551877e+00 2.542932160924000584e+01
3.309241375867410628e+00 2.541753161494484203e+01
3.434217827747557461e+00 2.541613625382556307e+01
3.559022400393419883e+00 2.541066189757619753e+01
3.683620006655247359e+00 2.540080463827357349e+01
3.808492463547956675e+00 2.539519689639002564e+01
3.933381525921035848e+00 2.539820170074054673e+01
4.057076574492023191e+00 2.541574266569399043e+01
4.180848801838775053e+00 2.543263493074302772e+01
4.305251544160767274e+00 2.544472294550569202e+01
4.429003464135679913e+00 2.546227931986800996e+01
4.552958518090725271e+00 2.547822370884093246e+01
4.676592135005500417e+00 2.549628634878056488e+01
4.797766800410892429e+00 2.552675707890645285e+01
4.915836911023495404e+00 2.556771166352128333e+01
5.032645657241550552e+00 2.561221405554526953e+01
5.152050075162007303e+00 2.564895298110746324e+01
5.274059148394436569e+00 2.567609092971012075e+01
5.397818948473158684e+00 2.569309013655504614e+01
5.522567712897973102e+00 2.570096212587365869e+01
5.647527192627737946e+00 2.570274367841818020e+01
5.772481171793824473e+00 2.570472516485408931e+01
5.897424939731585880e+00 2.570499780697409875e+01
6.022386328809633760e+00 2.570329833711494771e+01
6.147301744559493741e+00 2.570779140461032597e+01
6.272004179800252821e+00 2.571630503262116818e+01
6.396862113727356913e+00 2.572114766446236445e+01
6.521853133848093620e+00 2.572205123930003978e+01
6.646840769857596420e+00 2.572360713361013396e+01
6.771738761263933704e+00 2.571926994235800734e+01
6.895469163360309572e+00 2.570216623021996583e+01
7.016616909647566125e+00 2.567153316393266493e+01
7.134033435754690622e+00 2.562885807109349301e+01
7.250733693440270855e+00 2.558416376020095839e+01
7.371366582822202140e+00 2.555172590084276507e+01
7.493303433501426802e+00 2.552426710208464300e+01
7.613952676981319279e+00 2.549161132519734707e+01
7.599003791809082031e+00 2.555117607116699219e+01
7.723794227584876104e+00 2.554491128479266848e+01
7.847512826024341415e+00 2.552730612141913014e+01
7.969294577886759434e+00 2.549930104557073207e+01
8.091194323883579287e+00 2.547185383222979382e+01
8.212482000766787138e+00 2.544201658650364450e+01
8.331154974373815136e+00 2.540275881724257800e+01
8.451206278182473497e+00 2.536811388165205372e+01
8.573745385360574289e+00 2.534355733643205255e+01
8.695484470135461663e+00 2.531555453152715884e+01
8.816600922156039744e+00 2.528477257766785513e+01
8.939816786635262247e+00 2.526394325323161283e+01
9.064509249568462934e+00 2.525666237585117102e+01
9.189235270166607350e+00 2.526409633296963619e+01
9.312237221649589003e+00 2.528585281984924649e+01
9.431681005390501582e+00 2.532247479018952063e+01
9.551230048754327129e+00 2.535872566906819614e+01
9.674394559395356197e+00 2.537951439306826273e+01
9.799176710007680313e+00 2.538602103961405021e+01
9.923970802926673329e+00 2.537993770830175677e+01
1.004877322135317108e+01 2.537413497247039729e+01
1.017369039436031919e+01 2.537831174559166669e+01
1.029763072297414794e+01 2.539383575348664834e+01
1.041892562100757047e+01 2.542381460972571361e+01
1.053636957692993015e+01 2.546643572899242258e+01
1.064802826174056705e+01 2.552244471183390218e+01
1.075994860313358537e+01 2.557789909224597835e+01
1.087777427648767414e+01 2.561945862641547933e+01
1.099521540984946100e+01 2.566203140422005546e+01
1.111267474497410745e+01 2.570455047009453153e+01
1.123422021962938544e+01 2.573350305206331612e+01
1.135773599137153944e+01 2.575258847915837634e+01
1.148243025666757688e+01 2.575999409392765571e+01
1.160742334097234085e+01 2.576094647979977381e+01
1.173197022237293119e+01 2.577071837703047308e+01
1.185646123861364210e+01 2.578136728758301288e+01
1.198142037146780048e+01 2.578038171701300385e+01
1.210583070457796495e+01 2.576867381611151586e+01
1.222816852223287931e+01 2.574345439505811939e+01
1.234677826402878864e+01 2.570417016629415485e+01
1.246545123545952016e+01 2.566508909039004038e+01
1.258494597537113968e+01 2.562847292188671844e+01
1.270529215196906136e+01 2.559493686846909455e+01
1.282617904724441615e+01 2.556327790151538792e+01
1.294357099348518858e+01 2.552049630765828425e+01
1.305770345413178823e+01 2.546953623047427584e+01
1.316742784676206313e+01 2.540981168459994777e+01
1.327639124600306886e+01 2.534865091578076601e+01
1.339101470426243345e+01 2.529894849765123510e+01
1.350573082702459438e+01 2.524945000684428820e+01
1.361982866335371511e+01 2.519848054973225970e+01
1.373790456867954290e+01 2.515758743763939620e+01
1.385940419123362055e+01 2.512845838348125938e+01
1.398137740081874369e+01 2.510124573730449882e+01
1.410306156373417963e+01 2.507270642774388492e+01
1.422355274609135023e+01 2.503974357638692538e+01
1.434411418446866726e+01 2.500706213254244403e+01
1.446492657844867935e+01 2.497524850912868644e+01
1.458600605841617082e+01 2.494456490889124467e+01
1.470969229109455867e+01 2.492669722603305615e+01
1.483310672310801159e+01 2.490719641485052804e+01
1.495380874801825222e+01 2.487492920721508582e+01
1.506992659253638323e+01 2.482887478326726693e+01
1.517916914279024176e+01 2.476830584067376861e+01
1.528031663571776910e+01 2.469496954002014633e+01
1.537196067970433688e+01 2.461008848666039839e+01
1.546097361114886581e+01 2.452236220787629506e+01
1.555826750751538334e+01 2.444403220080821626e+01
1.565729502975345966e+01 2.436782192861095098e+01
1.574849619394436573e+01 2.428242018728932194e+01
1.583039466901914771e+01 2.418806080117400370e+01
1.590688031425099958e+01 2.408919303614659668e+01
1.597649592177731215e+01 2.398547130423899532e+01
1.603460339071943253e+01 2.387484540139167777e+01
1.608034651608678445e+01 2.375860745132821705e+01
1.611335517807967577e+01 2.363808557350270334e+01
1.613338950796979177e+01 2.351478430424121413e+01
1.614260292767144023e+01 2.339013701620094210e+01
1.614415311579304202e+01 2.326517471875457588e+01
1.613583951865654598e+01 2.314048877999371712e+01
1.611453238875197158e+01 2.301740088801294348e+01
1.608301850416389556e+01 2.289644801143992581e+01
1.604498646912593429e+01 2.277739867290576115e+01
1.600471380096174201e+01 2.265906861799221517e+01
1.596277132749570526e+01 2.254133368518805725e+01
1.591096808580542188e+01 2.242764648699568042e+01
1.584820976356357569e+01 2.231958547765393419e+01
1.578411271583821396e+01 2.221229162611395935e+01
1.572466351770197157e+01 2.210233757119700826e+01
1.565947670719016749e+01 2.199578881642779038e+01
1.558912561754505433e+01 2.189247338008905786e+01
1.552652362209122217e+01 2.178435251570962450e+01
1.547395810752404621e+01 2.167097129216362816e+01
1.542159105229438509e+01 2.155749547551585721e+01
1.537299518090237704e+01 2.144242845320087554e+01
1.532692543045544653e+01 2.132627221095137315e+01
1.527015199954614921e+01 2.121496645158573102e+01
1.520176939234568003e+01 2.111041343000504256e+01
1.512492254523745494e+01 2.101184211748770281e+01
1.505175701834313529e+01 2.091058925739821817e+01
1.498215550253504702e+01 2.080677685899101448e+01
1.490358435617676847e+01 2.070966493013724019e+01
1.481422690993668922e+01 2.062234130093807494e+01
1.472058175394794866e+01 2.053954322392630871e+01
1.463191733914178094e+01 2.045151893726717773e+01
1.455276192738350716e+01 2.035483859797119166e+01
1.447877666102595562e+01 2.025408594467414147e+01
1.441142553597464016e+01 2.014887144428372778e+01
1.434857875361964830e+01 2.004082653773612321e+01
1.427786129038271667e+01 1.993783695127141087e+01
1.420476676916952563e+01 1.983646627478238500e+01
1.413075336671720450e+01 1.973578307104218865e+01
1.404674922366138645e+01 1.964331911621379945e+01
1.395727004542419181e+01 1.955603523448185044e+01
1.387276054030863115e+01 1.946401765715575394e+01
1.379986487860857736e+01 1.936258013948869561e+01
1.373642981078229397e+01 1.925488895660904731e+01
1.367746829544582177e+01 1.914467371845050536e+01
1.361367703352629910e+01 1.903726212710567012e+01
1.368250846862792969e+01 1.899743652343750000e+01
1.359541542630764610e+01 1.890786743818320303e+01
1.350469199210968085e+01 1.882188591298125502e+01
1.341835672491868614e+01 1.873152251040450977e+01
1.333911660774442787e+01 1.863489695308755145e+01
1.325998814099244072e+01 1.853817729172983064e+01
1.317685296638436654e+01 1.844483093615835401e+01
1.309811259539352690e+01 1.834780601872942185e+01
1.302218497363471350e+01 1.824851636960133661e+01
1.293938517049121550e+01 1.815495435583603623e+01
1.285720011908778204e+01 1.806087237767702902e+01
1.277580882668353368e+01 1.796607639000866996e+01
1.268549316774209146e+01 1.787972257650277896e+01
1.259642123977604022e+01 1.779213082143526137e+01
1.251021646576402446e+01 1.770163339385493373e+01
1.241912696811878192e+01 1.761605511066809626e+01
1.232300394639149133e+01 1.753618204180282092e+01
1.222855391598766772e+01 1.745439332512222919e+01
1.213983419766797311e+01 1.736634391151456924e+01
1.205818434996559141e+01 1.727180211561295664e+01
1.197827087477093144e+01 1.717573504165886078e+01
1.189338201365405467e+01 1.708398286778506758e+01
1.180467430882723612e+01 1.699594855260571791e+01
1.171700037989063148e+01 1.690691121194139868e+01
1.163418772872061346e+01 1.681328053528870115e+01
1.154763801611309759e+01 1.672316138595135016e+01
1.145325948635771951e+01 1.664125449733012374e+01
1.135887654389565782e+01 1.655935255389905336e+01
1.126671545299184984e+01 1.647491174587273477e+01
1.117507584448433988e+01 1.638991183278657715e+01
1.108530159470828913e+01 1.630293151182969069e+01
1.100129752375968728e+01 1.621047599272710471e+01
1.091787836484964558e+01 1.611747110487467083e+01
1.083351521268408568e+01 1.602529272653109160e+01
1.075428133685668541e+01 1.592861488359792865e+01
1.067237721725344457e+01 1.583422378032700273e+01
1.058840893690724272e+01 1.574163231072691715e+01
1.050203018482195638e+01 1.565132853672788826e+01
1.041354182989420707e+01 1.556304990511707054e+01
1.032438069339792897e+01 1.547546086369236029e+01
1.023559937908137485e+01 1.538749392858542464e+01
1.015585321096611260e+01 1.529135943104303941e+01
1.008822285513148920e+01 1.518630469341980316e+01
1.002218819137558548e+01 1.508020569483565687e+01
9.951398970163467084e+00 1.497718342005664738e+01
9.873797419275767595e+00 1.487928637465988579e+01
9.785145928611569843e+00 1.479126137557159559e+01
9.696546887004384274e+00 1.470318559766343114e+01
9.612152026361094670e+00 1.461098024104877879e+01
9.525677510618026034e+00 1.452072236163915342e+01
9.433543844305367188e+00 1.443633474898408231e+01
9.337127317591727760e+00 1.435678081745327717e+01
9.243275832809368708e+00 1.427424333468169060e+01
9.149479858734325788e+00 1.419164153489219871e+01
9.054208409721688611e+00 1.411072332590315881e+01
8.965164528935654076e+00 1.402311136706115846e+01
8.886991940029275838e+00 1.392565211123421776e+01
8.810262404147897186e+00 1.382701533618729428e+01
8.726434960332912993e+00 1.373432265520014894e+01
8.644408875636404588e+00 1.364007791222561750e+01
8.561357751012725004e+00 1.354677154940646666e+01
8.470154698464503085e+00 1.346131179768022790e+01
8.381668491607918270e+00 1.337311813095996271e+01
8.303394766528890969e+00 1.327573369600636610e+01
8.228686118983535636e+00 1.317552279851251207e+01
8.148609268054837429e+00 1.307958025793276136e+01
8.062742125229643619e+00 1.298875625145209156e+01
7.979118402341114802e+00 1.289591051917646780e+01
7.895629289369877846e+00 1.280293987700688341e+01
7.802513417216609959e+00 1.271967231771799334e+01
7.708507940548168236e+00 1.263737171455909980e+01
7.614424529557151544e+00 1.255516348456805709e+01
7.513758031205868271e+00 1.248109187849531310e+01
7.408526764142592036e+00 1.241367440710826742e+01
7.351023197174072266e+00 1.240631580352783203e+01
7.272097417700284616e+00 1.230947750830570087e+01
7.202515992553381707e+00 1.220566399005681468e+01
7.140417379303871215e+00 1.209721120431660779e+01
7.077488007469092679e+00 1.198925322428878992e+01
7.004199995300340653e+00 1.188807062468926290e+01
6.928057764596278645e+00 1.178895692803928519e+01
6.855942975160393971e+00 1.168686097937286839e+01
6.792164908986353389e+00 1.157946176450466425e+01
6.728738735801010229e+00 1.147184402499072498e+01
6.657139472808839109e+00 1.136938699708723632e+01
6.587358010716000578e+00 1.126570390683738587e+01
6.514611489888638474e+00 1.116414909182185866e+01
6.441839143821204594e+00 1.106261199530590567e+01
6.380091092422550680e+00 1.095397443023736272e+01
6.316926263346223536e+00 1.084618672895498115e+01
6.242079533858672313e+00 1.074615095101412265e+01
6.164312503994539227e+00 1.064830517348548433e+01
6.083084592698921433e+00 1.055340070833445054e+01
5.997193380336987012e+00 1.046258840931822220e+01
5.913478056595198318e+00 1.036976544968648994e+01
5.832704568632630426e+00 1.027437919461362448e+01
5.759885358932208987e+00 1.017287313506884594e+01
5.690091425235545231e+00 1.006919582055865625e+01
5.621922569081119647e+00 9.964472179718280032e+00
5.556942882383000715e+00 9.857694923744166005e+00
5.485058973252493253e+00 9.755497639599763460e+00
5.402032971098258862e+00 9.662165722479308272e+00
5.309490599668842847e+00 9.578195504721943365e+00
5.215082789797431673e+00 9.496282271469333125e+00
5.126579505507107726e+00 9.408076003890970540e+00
5.048123570308146846e+00 9.310861451699167901e+00
4.980784644551907725e+00 9.205610602124712827e+00
4.912991555367619334e+00 9.100662895666681962e+00
4.844211561327841586e+00 8.996336433778864716e+00
4.786326991292333410e+00 8.885622066102905947e+00
4.732761256713708953e+00 8.772688174128916216e+00
4.671263957975643422e+00 8.663931919343685450e+00
4.599764721477057172e+00 8.561441405939428151e+00
4.518742902634693692e+00 8.466340650517610200e+00
4.428573471419743335e+00 8.379829590756346036e+00
4.340170930668942439e+00 8.291577477273762042e+00
4.262389311612777121e+00 8.193791852917353680e+00
4.191956617035446975e+00 8.090537833485075936e+00
4.120181887363592921e+00 7.988232184102819211e+00
4.049360953061406754e+00 7.885283109493933296e+00
3.989345111110903286e+00 7.775707087345471891e+00
3.938648433727860887e+00 7.661466700602420410e+00
3.888078805486123279e+00 7.547168639787010136e+00
3.841342181590170934e+00 7.431314535435618041e+00
3.807580207741020129e+00 7.311014865105709859e+00
3.773411865258439413e+00 7.190837615344200628e+00
3.737640317317311833e+00 7.071100634887018899e+00
3.702905353866007498e+00 6.951045321203224603e+00
3.659952442876582168e+00 6.833688257003870170e+00
3.609972326595780601e+00 6.719127118445215707e+00
3.557438564100726897e+00 6.605702243611431435e+00
3.497805642389300029e+00 6.495942215205577241e+00
3.425460217326621759e+00 6.394083669180648855e+00
3.344223803730572264e+00 6.299113170448875643e+00
3.253777419671627147e+00 6.212969495616700755e+00
3.153547002693319445e+00 6.138378492105255546e+00
3.050715414246821577e+00 6.067323188607272044e+00
2.945581360954253825e+00 5.999813932407962902e+00
2.839255122169151768e+00 5.934137730640712149e+00
2.735853345129476644e+00 5.863904485506082231e+00
2.637834913604763187e+00 5.786468578166434007e+00
2.541650058432237458e+00 5.706686178787916397e+00
2.516401529312133789e+00 5.652655601501464844e+00
2.497612826952468890e+00 5.529139610043211306e+00
2.477852738944479771e+00 5.405794944308204286e+00
2.448431647566462033e+00 5.284312026386415617e+00
2.413981729195430415e+00 5.164167420230476147e+00
2.373744851688979196e+00 5.045831814471813281e+00
2.337711260731566210e+00 4.926210922188925423e+00
2.315527476761617187e+00 4.803262066239332384e+00
2.292199778058203297e+00 4.680549248421630892e+00
2.265551561611310660e+00 4.558454463967884784e+00
2.245782071021353854e+00 4.435034166687614743e+00
2.236384973423956257e+00 4.310478917789862585e+00
2.243551359507814702e+00 4.185777312674272999e+00
2.263544167881310631e+00 4.062414744543395351e+00
2.281245113029249705e+00 3.938738226972942513e+00
2.296329152092847270e+00 3.814675814746836036e+00
2.323724964789091185e+00 3.692808493013236770e+00
2.363466961241766029e+00 3.574323392695156087e+00
2.401903819899322112e+00 3.455428503786026173e+00
2.432996164617866164e+00 3.334361432797328995e+00
2.462250303917961070e+00 3.212832880304187011e+00
2.488501435058287026e+00 3.090632240813265597e+00
2.504762264363481261e+00 2.966763996497072675e+00
2.511107469037854756e+00 2.841935417523502760e+00
2.521067680384981191e+00 2.717387659342462403e+00
2.536386669103512848e+00 2.593331287811816654e+00
2.557659823288590317e+00 2.470221991405800122e+00
2.578225919024176083e+00 2.347006920737379154e+00
2.583425414320545510e+00 2.222194322547283107e+00
2.573693301762807195e+00 2.097643970178836526e+00
2.551685260164674673e+00 1.974632361051265494e+00
2.523451546859494687e+00 1.852864689709844415e+00
2.498823372889892092e+00 1.730347510699009383e+00
2.551985904267439764e+00 1.576134826119776733e+00
2.554903053336420538e+00 1.451219015710107696e+00
2.543667791382540067e+00 1.326811585249393133e+00
2.517289385382531552e+00 1.204699055823402531e+00
2.485828358945782135e+00 1.083728967723273318e+00
2.462742920458746987e+00 9.609364457854029373e-01
2.450136556028840840e+00 8.365963189423976099e-01
2.433445797438669178e+00 7.128066847934063643e-01
2.414704745924209472e+00 5.892707394868685888e-01
2.408789714424778072e+00 4.644713948188810004e-01
2.404991561276224044e+00 3.395575742521214080e-01
2.390113684484235446e+00 2.155028847451483931e-01
2.365790639224010228e+00 9.290489461598110121e-02
2.331721298304551215e+00 -2.729509451725180280e-02
2.283687644954637275e+00 -1.426092041894456708e-01
2.221298169189251936e+00 -2.508224557937072108e-01
2.146445442409025350e+00 -3.508576424314230890e-01
2.065701510662394380e+00 -4.462789200339811191e-01
1.979118981775710662e+00 -5.363421873101250625e-01
1.890175733489242393e+00 -6.241434419756790586e-01
1.798343774057765021e+00 -7.088180103758396911e-01
1.699235091866140746e+00 -7.849713669149687156e-01
1.596921162124137261e+00 -8.567699263842719626e-01
1.489213392734139108e+00 -9.200473039747947279e-01
1.374256745668710256e+00 -9.688976926005846702e-01
1.254104465883424613e+00 -1.003125449138577263e+00
1.131262699818635697e+00 -1.026110335302372834e+00
1.007495867318973559e+00 -1.043613455219523756e+00
8.836763597444221574e-01 -1.060746696202429451e+00
7.592794185480732372e-01 -1.072482296930240553e+00
6.343122173999183877e-01 -1.074419498153562857e+00
5.096587182847537312e-01 -1.065972310119104094e+00
3.868007063788133082e-01 -1.043348147942857906e+00
2.550864696502685547e+00 1.701045989990234375e+00
