-9.999999999999535927e-01 0.000000000000000000e+00
-1.045416887569232678e+00 1.020375203531154185e-03
-1.644853637430775617e+00 2.701235310884380486e-02
-2.244290387292318556e+00 5.300433101415645554e-02
-2.843727137153861051e+00 7.899630891946911315e-02
-3.443163887015403990e+00 1.049882868247817569e-01
-4.042600636876946929e+00 1.309802647300944145e-01
-4.642037386738490312e+00 1.569722426354070721e-01
-5.241474136600032807e+00 1.829642205407197297e-01
-5.840910886461575302e+00 2.089561984460323596e-01
-6.440347636323117797e+00 2.349481763513449895e-01
-7.039784386184660292e+00 2.609401542566576193e-01
-7.639221136046202787e+00 2.869321321619702769e-01
-8.238657885907745282e+00 3.129241100672828790e-01
-8.838094635769287777e+00 3.389160879725955366e-01
-9.437531385630830272e+00 3.649080658779081388e-01
-1.003696813549237277e+01 3.909000437832207964e-01
-1.063640488535391526e+01 4.168920216885334540e-01
-1.123584163521545776e+01 4.428839995938460561e-01
-1.183527838507700025e+01 4.688759774991587137e-01
-1.243471513493854275e+01 4.948679554044713158e-01
-1.303415188480008524e+01 5.208599333097839734e-01
-1.363358863466162774e+01 5.468519112150965755e-01
-1.423302538452317023e+01 5.728438891204091776e-01
-1.483246213438471273e+01 5.988358670257218908e-01
-1.543189888424625522e+01 6.248278449310344929e-01
-1.603133563410779772e+01 6.508198228363470950e-01
-1.663077238396934021e+01 6.768118007416598081e-01
-1.723020913383088271e+01 7.028037786469724102e-01
-1.782964588369242520e+01 7.287957565522851233e-01
-1.842908263355397125e+01 7.547877344575978364e-01
-1.902851938341551374e+01 7.807797123629105496e-01
-1.962795613327705979e+01 8.067716902682232627e-01
-2.022739288313860229e+01 8.327636681735359758e-01
-2.082682963300014833e+01 8.587556460788486890e-01
-2.142626638286169083e+01 8.847476239841614021e-01
-2.202570313272323688e+01 9.107396018894741152e-01
-2.262513988258477937e+01 9.367315797947868283e-01
-2.322457663244632542e+01 9.627235577000995415e-01
-2.382401338230786791e+01 9.887155356054122546e-01
-2.442345013216941396e+01 1.014707513510725079e+00
-2.502288688203095646e+01 1.040699491416037681e+00
-2.562232363189249895e+01 1.066691469321350505e+00
-2.622176038175404500e+01 1.092683447226663107e+00
-2.682119713161558749e+01 1.118675425131975709e+00
-2.742063388147713354e+01 1.144667403037288533e+00
-2.802007063133867604e+01 1.170659380942601135e+00
-2.861950738120022208e+01 1.196651358847913960e+00
-2.921894413106176458e+01 1.222643336753226562e+00
-2.981838088092331063e+01 1.248635314658539386e+00
-3.041781763078485312e+01 1.274627292563851988e+00
-3.087199731360762200e+01 1.294320827008808905e+00
-3.143454757494926355e+01 1.480096269129542730e+00
-3.181646393831170982e+01 1.932992728407722183e+00
-3.190880007520318173e+01 2.283199939876794815e+00
-3.190880007520318173e+01 2.283199939876794815e+00
-3.191083292334359811e+01 2.308952853130316285e+00
-3.195094646610709077e+01 2.907610437803693326e+00
-3.199106000887058343e+01 3.506268022477070367e+00
-3.203117355163407609e+01 4.104925607150446965e+00
-3.207128709439756875e+01 4.703583191823824450e+00
-3.211140063716106141e+01 5.302240776497201935e+00
-3.215151417992455407e+01 5.900898361170578532e+00
-3.219162772268804673e+01 6.499555945843956017e+00
-3.223174126545153939e+01 7.098213530517332615e+00
-3.227185480821503205e+01 7.696871115190709212e+00
-3.231196835097852471e+01 8.295528699864085809e+00
-3.235208189374201737e+01 8.894186284537461518e+00
-3.239219543650551003e+01 9.492843869210839003e+00
-3.243230897926900269e+01 1.009150145388421649e+01
-3.247242252203248825e+01 1.069015903855759220e+01
-3.247973421754964107e+01 1.079927934249014854e+01
-3.241280007585883283e+01 1.125439995154738426e+01
-3.241280007585883283e+01 1.125439995154738426e+01
-3.234558975809982684e+01 1.156823187692702248e+01
-3.230781689707681892e+01 1.216704170564573673e+01
-3.227004403605381100e+01 1.276585153436445275e+01
-3.223227117503080308e+01 1.336466136308316699e+01
-3.219449831400778805e+01 1.396347119180188123e+01
-3.215672545298478013e+01 1.456228102052059725e+01
-3.211895259196177221e+01 1.516109084923931150e+01
-3.208117973093876429e+01 1.575990067795802574e+01
-3.204340686991575637e+01 1.635871050667673998e+01
-3.200563400889274845e+01 1.695752033539545423e+01
-3.196786114786973698e+01 1.755633016411416847e+01
-3.193008828684672906e+01 1.815513999283288271e+01
-3.189231542582372114e+01 1.875394982155160051e+01
-3.185454256480071322e+01 1.935275965027031475e+01
-3.181676970377770175e+01 1.995156947898902899e+01
-3.177899684275469383e+01 2.055037930770774324e+01
-3.174122398173168591e+01 2.114918913642645748e+01
-3.170345112070867444e+01 2.174799896514517172e+01
-3.166567825968566652e+01 2.234680879386388597e+01
-3.162790539866265860e+01 2.294561862258260021e+01
-3.159013253763965068e+01 2.354442845130131445e+01
-3.155235967661663921e+01 2.414323828002002870e+01
-3.151458681559363129e+01 2.474204810873874294e+01
-3.147681395457062337e+01 2.534085793745745718e+01
-3.143904109354761545e+01 2.593966776617617143e+01
-3.140126823252460397e+01 2.653847759489488567e+01
-3.136349537150159605e+01 2.713728742361359991e+01
-3.132572251047858813e+01 2.773609725233231416e+01
-3.128794964945557666e+01 2.833490708105103195e+01
-3.125017678843256874e+01 2.893371690976974620e+01
-3.121240392740956082e+01 2.953252673848846399e+01
-3.117463106638655290e+01 3.013133656720717823e+01
-3.113685820536354143e+01 3.073014639592589603e+01
-3.109908534434053351e+01 3.132895622464461383e+01
-3.106131248331752559e+01 3.192776605336332807e+01
-3.102353962229451412e+01 3.252657588208204231e+01
-3.098999021213029081e+01 3.305843171746121101e+01
-3.079319002315556375e+01 3.361722058371591260e+01
-3.069920007362961911e+01 3.373279998078942299e+01
-3.069920007362961911e+01 3.373279998078942299e+01
-3.019226939715551694e+01 3.403938863139510573e+01
-2.986912549490950397e+01 3.407778140523643629e+01
-2.926942878184700092e+01 3.405870649129091277e+01
-2.866973206878449787e+01 3.403963157734538925e+01
-2.807003535572199127e+01 3.402055666339986573e+01
-2.747033864265948822e+01 3.400148174945434221e+01
-2.687064192959698516e+01 3.398240683550882579e+01
-2.627094521653448211e+01 3.396333192156330227e+01
-2.567124850347197906e+01 3.394425700761777875e+01
-2.507155179040947246e+01 3.392518209367225523e+01
-2.447185507734696941e+01 3.390610717972673172e+01
-2.387215836428446636e+01 3.388703226578120820e+01
-2.327246165122196331e+01 3.386795735183568468e+01
-2.267276493815946026e+01 3.384888243789016116e+01
-2.207306822509695721e+01 3.382980752394463764e+01
-2.147337151203445416e+01 3.381073260999912122e+01
-2.087367479897194755e+01 3.379165769605359770e+01
-2.027397808590944805e+01 3.377258278210807418e+01
-1.967428137284694145e+01 3.375350786816255066e+01
-1.907458465978444195e+01 3.373443295421702715e+01
-1.847488794672193535e+01 3.371535804027150363e+01
-1.787519123365943230e+01 3.369628312632598011e+01
-1.727549452059692925e+01 3.367720821238045659e+01
-1.667579780753442620e+01 3.365813329843493307e+01
-1.607610109447192315e+01 3.363905838448940955e+01
-1.547640438140942010e+01 3.361998347054389313e+01
-1.487670766834691705e+01 3.360090855659836961e+01
-1.427701095528441222e+01 3.358183364265284609e+01
-1.367731424222190739e+01 3.356275872870732258e+01
-1.307761752915940434e+01 3.354368381476179906e+01
-1.247792081609689774e+01 3.352460890081627554e+01
-1.187822410303439113e+01 3.350553398687075202e+01
-1.127852738997188808e+01 3.348645907292522850e+01
-1.067883067690938148e+01 3.346738415897970498e+01
-1.007913396384687843e+01 3.344830924503418856e+01
-9.479437250784371827e+00 3.342923433108866504e+01
-8.879740537721865223e+00 3.341015941714314152e+01
-8.280043824659362173e+00 3.339108450319761801e+01
-7.680347111596855569e+00 3.337200958925209449e+01
-7.080650398534352519e+00 3.335293467530657097e+01
-6.480953685471845915e+00 3.333385976136104745e+01
-5.881256972409342865e+00 3.331478484741552393e+01
-5.281560259346836261e+00 3.329570993347000041e+01
-4.681863546284329658e+00 3.327663501952447689e+01
-4.082166833221826607e+00 3.325756010557896047e+01
-3.482470120159320004e+00 3.323848519163343695e+01
-2.882773407096816953e+00 3.321941027768791344e+01
-2.283076694034310350e+00 3.320033536374238992e+01
-1.683379980971803747e+00 3.318126044979686640e+01
-1.602091634846357637e+00 3.317867486249357967e+01
-1.027184048887152201e+00 3.332170136016888762e+01
-1.013600035011769762e+00 3.332959998026490211e+01
-1.013600035011768430e+00 3.332959998026490211e+01
-4.408171748835156278e-01 3.348091127057069372e+01
1.263680763968273446e-01 3.330980837123593830e+01
5.199177040437176212e-01 3.286698334709016933e+01
6.026983148682080182e-01 3.262918544248221764e+01
7.330879153862541742e-01 3.204352466005202871e+01
8.634775159043003301e-01 3.145786387762183267e+01
9.938671164223464860e-01 3.087220309519164374e+01
1.124256716940392753e+00 3.028654231276145126e+01
1.254646317458438798e+00 2.970088153033125877e+01
1.385035917976484843e+00 2.911522074790106629e+01
1.515425518494531332e+00 2.852955996547087381e+01
1.645815119012577377e+00 2.794389918304068487e+01
1.776204719530623422e+00 2.735823840061049239e+01
1.906594320048669466e+00 2.677257761818029991e+01
1.917805495681070393e+00 2.672222125642485935e+01
2.199068986801259395e+00 2.620081339304573120e+01
2.711759852841758356e+00 2.590395755714326853e+01
2.967999970167873869e+00 2.587039997056126595e+01
2.967999970167980006e+00 2.587039997056126595e+01
2.991239306656214403e+00 2.586989091883825509e+01
3.590920903467205605e+00 2.585034654762248252e+01
4.190602500278196807e+00 2.583080217640670639e+01
4.790284097089188009e+00 2.581125780519093382e+01
5.389965693900178323e+00 2.579171343397515770e+01
5.989647290711170413e+00 2.577216906275938513e+01
6.589328887522160727e+00 2.575262469154361256e+01
7.189010484333152817e+00 2.573308032032783643e+01
7.788692081144143131e+00 2.571353594911206386e+01
8.388373677955133445e+00 2.569399157789628774e+01
8.988055274766125535e+00 2.567444720668051517e+01
9.587736871577114073e+00 2.565490283546474259e+01
1.018741846838810616e+01 2.563535846424896647e+01
1.078710006519909648e+01 2.561581409303319390e+01
1.138678166201008679e+01 2.559626972181742133e+01
1.198646325882107888e+01 2.557672535060164520e+01
1.258614485563206742e+01 2.555718097938587263e+01
1.318582645244305951e+01 2.553763660817009651e+01
1.353282119452708443e+01 2.552632761672317585e+01
1.409733668331817391e+01 2.534661235764465204e+01
1.430799998492002345e+01 2.516479996964335442e+01
1.430799998492002345e+01 2.516479996964335442e+01
1.446608255355332773e+01 2.493472072086743196e+01
1.473963659100051693e+01 2.440070930844598962e+01
1.501319062844770436e+01 2.386669789602455083e+01
1.528674466589489356e+01 2.333268648360310848e+01
1.556029870334208098e+01 2.279867507118166969e+01
1.583385274078927019e+01 2.226466365876022735e+01
1.605442676489101217e+01 2.183407580396831094e+01
1.617279998734593249e+01 2.128399996459484100e+01
1.617279998734593249e+01 2.128399996459484100e+01
1.598356724484586167e+01 2.072260324159353218e+01
1.587227614588913660e+01 2.058552519607807341e+01
1.545755767443588269e+01 2.015192562338977211e+01
1.504283920298262878e+01 1.971832605070147082e+01
1.462812073152937486e+01 1.928472647801317308e+01
1.421340226007612095e+01 1.885112690532487179e+01
1.379868378862286704e+01 1.841752733263657049e+01
1.338396531716961491e+01 1.798392775994826920e+01
1.296924684571635922e+01 1.755032818725996790e+01
1.255452837426310708e+01 1.711672861457167016e+01
1.213980990280985317e+01 1.668312904188336887e+01
1.172509143135659926e+01 1.624952946919506758e+01
1.131037295990334712e+01 1.581592989650676628e+01
1.089565448845009143e+01 1.538233032381846677e+01
1.048093601699683930e+01 1.494873075113016725e+01
1.006621754554358539e+01 1.451513117844186596e+01
9.651499074090331476e+00 1.408153160575356466e+01
9.236780602637079340e+00 1.364793203306526692e+01
8.822062131183825429e+00 1.321433246037696563e+01
8.407343659730571517e+00 1.278073288768866433e+01
7.992625188277318493e+00 1.234713331500036482e+01
7.577906716824065469e+00 1.191353374231206352e+01
7.163188245370811558e+00 1.147993416962376401e+01
6.748469773917557646e+00 1.104633459693546449e+01
6.333751302464303734e+00 1.061273502424716320e+01
5.919032831011051599e+00 1.017913545155886368e+01
5.504314359557797687e+00 9.745535878870562385e+00
5.313574525295212680e+00 9.546112134032092911e+00
4.933599972724913130e+00 9.288799948990345001e+00
4.933599972724914018e+00 9.288799948990345001e+00
4.465029163747802343e+00 8.926285523890816975e+00
4.314916220463470786e+00 8.644514232369184370e+00
4.113519693491333840e+00 8.079324495268835449e+00
3.912123166519197781e+00 7.514134758168486528e+00
3.710726639547061279e+00 6.948945021068137606e+00
3.509330112574924776e+00 6.383755283967788685e+00
3.307933585602788273e+00 5.818565546867439764e+00
3.106537058630651771e+00 5.253375809767090843e+00
2.905140531658514824e+00 4.688186072666741033e+00
2.703744004686378766e+00 4.122996335566392112e+00
2.502347477714242707e+00 3.557806598466044079e+00
2.300950950742106205e+00 2.992616861365695158e+00
2.213146699623702141e+00 2.746207142429629933e+00
2.149999999999999911e+00 2.379999999999999893e+00
2.150477796026439847e+00 1.780000190240899061e+00
2.150796326710733286e+00 1.380000317068165394e+00
